1 0.136993 0.117691 0.135795 0.131725 0.132282 0.144803 0.126694 0.156033 0.119412 0.164650 0.110931 0.170066 0.101830 0.171914 0.092729 0.170066 0.084248 0.164650 0.076966 0.156033 0.071378 0.144803 0.067865 0.131725 0.066667 0.117691 0.067865 0.103657 0.071378 0.090580 0.076966 0.079350 0.084248 0.070733 0.092729 0.065316 0.101830 0.063468 0.110931 0.065316 0.119412 0.070733 0.126694 0.079350 0.132282 0.090580 0.135795 0.103657
1 0.208105 0.070715 0.206933 0.084231 0.203499 0.096827 0.198035 0.107643 0.190915 0.115942 0.182623 0.121159 0.173725 0.122939 0.164828 0.121159 0.156536 0.115942 0.149416 0.107643 0.143952 0.096827 0.140518 0.084231 0.139346 0.070715 0.140518 0.057198 0.143952 0.044603 0.149416 0.033787 0.156536 0.025487 0.164828 0.020270 0.173725 0.018491 0.182623 0.020270 0.190915 0.025487 0.198035 0.033787 0.203499 0.044603 0.206933 0.057198
1 0.182484 0.212144 0.181250 0.227730 0.177633 0.242254 0.171878 0.254726 0.164379 0.264296 0.155646 0.270312 0.146275 0.272364 0.136903 0.270312 0.128170 0.264296 0.120671 0.254726 0.114916 0.242254 0.111299 0.227730 0.110065 0.212144 0.111299 0.196558 0.114916 0.182034 0.120671 0.169562 0.128170 0.159992 0.136903 0.153976 0.146275 0.151924 0.155646 0.153976 0.164379 0.159992 0.171878 0.169562 0.177633 0.182034 0.181250 0.196558
1 0.149020 0.354073 0.147786 0.370564 0.144169 0.385932 0.138414 0.399128 0.130915 0.409254 0.122182 0.415620 0.112810 0.417791 0.103439 0.415620 0.094706 0.409254 0.087207 0.399128 0.081452 0.385932 0.077835 0.370564 0.076601 0.354073 0.077835 0.337581 0.081452 0.322214 0.087207 0.309017 0.094706 0.298891 0.103439 0.292526 0.112810 0.290355 0.122182 0.292526 0.130915 0.298891 0.138414 0.309017 0.144169 0.322214 0.147786 0.337581
1 0.128627 0.501999 0.127296 0.519913 0.123391 0.536607 0.117180 0.550942 0.109085 0.561941 0.099658 0.568856 0.089542 0.571214 0.079427 0.568856 0.070000 0.561941 0.061905 0.550942 0.055694 0.536607 0.051789 0.519913 0.050458 0.501999 0.051789 0.484085 0.055694 0.467391 0.061905 0.453056 0.070000 0.442057 0.079427 0.435142 0.089542 0.432784 0.099658 0.435142 0.109085 0.442057 0.117180 0.453056 0.123391 0.467391 0.127296 0.484085
1 0.107712 0.664418 0.106318 0.684531 0.102231 0.703273 0.095729 0.719368 0.087255 0.731718 0.077387 0.739481 0.066797 0.742129 0.056208 0.739481 0.046340 0.731718 0.037866 0.719368 0.031364 0.703273 0.027277 0.684531 0.025882 0.664418 0.027277 0.644305 0.031364 0.625562 0.037866 0.609468 0.046340 0.597118 0.056208 0.589355 0.066797 0.586707 0.077387 0.589355 0.087255 0.597118 0.095729 0.609468 0.102231 0.625562 0.106318 0.644305
1 0.093333 0.851824 0.091868 0.873619 0.087572 0.893928 0.080737 0.911368 0.071830 0.924750 0.061458 0.933163 0.050327 0.936032 0.039196 0.933163 0.028824 0.924750 0.019917 0.911368 0.013082 0.893928 0.008786 0.873619 0.007320 0.851824 0.008786 0.830029 0.013082 0.809720 0.019917 0.792280 0.028824 0.778898 0.039196 0.770486 0.050327 0.767616 0.061458 0.770486 0.071830 0.778898 0.080737 0.792280 0.087572 0.809720 0.091868 0.830029
1 0.190327 0.865317 0.188870 0.888017 0.184600 0.909170 0.177807 0.927335 0.168954 0.941273 0.158645 0.950035 0.147582 0.953023 0.136518 0.950035 0.126209 0.941273 0.117356 0.927335 0.110563 0.909170 0.106293 0.888017 0.104837 0.865317 0.106293 0.842617 0.110563 0.821464 0.117356 0.803300 0.126209 0.789362 0.136518 0.780600 0.147582 0.777611 0.158645 0.780600 0.168954 0.789362 0.177807 0.803300 0.184600 0.821464 0.188870 0.842617
1 0.193987 0.655422 0.192628 0.674889 0.188645 0.693028 0.182309 0.708605 0.174052 0.720558 0.164437 0.728072 0.154118 0.730635 0.143799 0.728072 0.134183 0.720558 0.125926 0.708605 0.119590 0.693028 0.115607 0.674889 0.114248 0.655422 0.115607 0.635956 0.119590 0.617816 0.125926 0.602239 0.134183 0.590286 0.143799 0.582773 0.154118 0.580210 0.164437 0.582773 0.174052 0.590286 0.182309 0.602239 0.188645 0.617816 0.192628 0.635956
1 0.215425 0.483008 0.214155 0.501181 0.210434 0.518116 0.204513 0.532658 0.196797 0.543816 0.187812 0.550831 0.178170 0.553223 0.168528 0.550831 0.159542 0.543816 0.151827 0.532658 0.145906 0.518116 0.142184 0.501181 0.140915 0.483008 0.142184 0.464836 0.145906 0.447901 0.151827 0.433359 0.159542 0.422201 0.168528 0.415186 0.178170 0.412794 0.187812 0.415186 0.196797 0.422201 0.204513 0.433359 0.210434 0.447901 0.214155 0.464836
1 0.245229 0.352074 0.243986 0.369471 0.240343 0.385682 0.234547 0.399603 0.226993 0.410285 0.218197 0.417000 0.208758 0.419290 0.199319 0.417000 0.190523 0.410285 0.182970 0.399603 0.177174 0.385682 0.173530 0.369471 0.172288 0.352074 0.173530 0.334677 0.177174 0.318466 0.182970 0.304545 0.190523 0.293863 0.199319 0.287148 0.208758 0.284858 0.218197 0.287148 0.226993 0.293863 0.234547 0.304545 0.240343 0.318466 0.243986 0.334677
1 0.260392 0.229635 0.259132 0.246127 0.255436 0.261494 0.249557 0.274691 0.241895 0.284817 0.232973 0.291182 0.223399 0.293353 0.213824 0.291182 0.204902 0.284817 0.197240 0.274691 0.191361 0.261494 0.187666 0.246127 0.186405 0.229635 0.187666 0.213144 0.191361 0.197776 0.197240 0.184580 0.204902 0.174454 0.213824 0.168088 0.223399 0.165917 0.232973 0.168088 0.241895 0.174454 0.249557 0.184580 0.255436 0.197776 0.259132 0.213144
1 0.282614 0.101199 0.281416 0.117820 0.277903 0.133308 0.272315 0.146608 0.265033 0.156814 0.256552 0.163229 0.247451 0.165417 0.238350 0.163229 0.229869 0.156814 0.222587 0.146608 0.216999 0.133308 0.213486 0.117820 0.212288 0.101199 0.213486 0.084579 0.216999 0.069090 0.222587 0.055790 0.229869 0.045585 0.238350 0.039170 0.247451 0.036982 0.256552 0.039170 0.265033 0.045585 0.272315 0.055790 0.277903 0.069090 0.281416 0.084579
1 0.350065 0.189655 0.348805 0.205112 0.345109 0.219515 0.339230 0.231884 0.331569 0.241374 0.322647 0.247340 0.313072 0.249375 0.303497 0.247340 0.294575 0.241374 0.286914 0.231884 0.281035 0.219515 0.277339 0.205112 0.276078 0.189655 0.277339 0.174198 0.281035 0.159795 0.286914 0.147427 0.294575 0.137936 0.303497 0.131970 0.313072 0.129935 0.322647 0.131970 0.331569 0.137936 0.339230 0.147427 0.345109 0.159795 0.348805 0.174198
1 0.342484 0.330585 0.341196 0.349016 0.337422 0.366192 0.331419 0.380941 0.323595 0.392258 0.314483 0.399373 0.304706 0.401799 0.294928 0.399373 0.285817 0.392258 0.277993 0.380941 0.271989 0.366192 0.268215 0.349016 0.266928 0.330585 0.268215 0.312153 0.271989 0.294978 0.277993 0.280229 0.285817 0.268911 0.294928 0.261797 0.304706 0.259370 0.314483 0.261797 0.323595 0.268911 0.331419 0.280229 0.337422 0.294978 0.341196 0.312153
1 0.315817 0.462519 0.314450 0.481338 0.310440 0.498876 0.304063 0.513935 0.295752 0.525491 0.286073 0.532755 0.275686 0.535232 0.265300 0.532755 0.255621 0.525491 0.247310 0.513935 0.240932 0.498876 0.236923 0.481338 0.235556 0.462519 0.236923 0.443699 0.240932 0.426162 0.247310 0.411102 0.255621 0.399547 0.265300 0.392283 0.275686 0.389805 0.286073 0.392283 0.295752 0.399547 0.304063 0.411102 0.310440 0.426162 0.314450 0.443699
1 0.291765 0.647426 0.290397 0.668962 0.286388 0.689030 0.280011 0.706264 0.271699 0.719487 0.262021 0.727799 0.251634 0.730635 0.241247 0.727799 0.231569 0.719487 0.223257 0.706264 0.216880 0.689030 0.212871 0.668962 0.211503 0.647426 0.212871 0.625890 0.216880 0.605822 0.223257 0.588589 0.231569 0.575366 0.241247 0.567053 0.251634 0.564218 0.262021 0.567053 0.271699 0.575366 0.280011 0.588589 0.286388 0.605822 0.290397 0.625890
1 0.304575 0.848826 0.303047 0.871784 0.298568 0.893178 0.291443 0.911550 0.282157 0.925647 0.271343 0.934509 0.259739 0.937531 0.248134 0.934509 0.237320 0.925647 0.228034 0.911550 0.220909 0.893178 0.216430 0.871784 0.214902 0.848826 0.216430 0.825867 0.220909 0.804473 0.228034 0.786101 0.237320 0.772004 0.248134 0.763143 0.259739 0.760120 0.271343 0.763143 0.282157 0.772004 0.291443 0.786101 0.298568 0.804473 0.303047 0.825867
1 0.426928 0.228636 0.425605 0.245903 0.421727 0.261994 0.415557 0.275811 0.407516 0.286414 0.398153 0.293079 0.388105 0.295352 0.378056 0.293079 0.368693 0.286414 0.360652 0.275811 0.354482 0.261994 0.350604 0.245903 0.349281 0.228636 0.350604 0.211368 0.354482 0.195277 0.360652 0.181460 0.368693 0.170857 0.378056 0.164192 0.388105 0.161919 0.398153 0.164192 0.407516 0.170857 0.415557 0.181460 0.421727 0.195277 0.425605 0.211368
1 0.420915 0.374063 0.419610 0.392107 0.415784 0.408921 0.409697 0.423359 0.401765 0.434438 0.392527 0.441403 0.382614 0.443778 0.372701 0.441403 0.363464 0.434438 0.355532 0.423359 0.349445 0.408921 0.345619 0.392107 0.344314 0.374063 0.345619 0.356019 0.349445 0.339205 0.355532 0.324767 0.363464 0.313688 0.372701 0.306723 0.382614 0.304348 0.392527 0.306723 0.401765 0.313688 0.409697 0.324767 0.415784 0.339205 0.419610 0.356019
1 0.398170 0.507996 0.396803 0.525652 0.392793 0.542104 0.386416 0.556232 0.378105 0.567073 0.368426 0.573887 0.358039 0.576212 0.347653 0.573887 0.337974 0.567073 0.329663 0.556232 0.323285 0.542104 0.319276 0.525652 0.317908 0.507996 0.319276 0.490340 0.323285 0.473888 0.329663 0.459760 0.337974 0.448919 0.347653 0.442105 0.358039 0.439780 0.368426 0.442105 0.378105 0.448919 0.386416 0.459760 0.392793 0.473888 0.396803 0.490340
1 0.371242 0.719890 0.369803 0.741426 0.365585 0.761494 0.358875 0.778727 0.350131 0.791951 0.339948 0.800263 0.329020 0.803098 0.318092 0.800263 0.307908 0.791951 0.299164 0.778727 0.292454 0.761494 0.288236 0.741426 0.286797 0.719890 0.288236 0.698354 0.292454 0.678286 0.299164 0.661053 0.307908 0.647829 0.318092 0.639517 0.329020 0.636682 0.339948 0.639517 0.350131 0.647829 0.358875 0.661053 0.365585 0.678286 0.369803 0.698354
1 0.431373 0.864318 0.429880 0.885854 0.425506 0.905922 0.418547 0.923155 0.409477 0.936378 0.398916 0.944691 0.387582 0.947526 0.376248 0.944691 0.365686 0.936378 0.356617 0.923155 0.349658 0.905922 0.345283 0.885854 0.343791 0.864318 0.345283 0.842782 0.349658 0.822714 0.356617 0.805481 0.365686 0.792257 0.376248 0.783945 0.387582 0.781109 0.398916 0.783945 0.409477 0.792257 0.418547 0.805481 0.425506 0.822714 0.429880 0.842782
1 0.447843 0.693903 0.446502 0.714016 0.442572 0.732759 0.436319 0.748853 0.428170 0.761203 0.418680 0.768966 0.408497 0.771614 0.398313 0.768966 0.388824 0.761203 0.380675 0.748853 0.374422 0.732759 0.370491 0.714016 0.369150 0.693903 0.370491 0.673790 0.374422 0.655047 0.380675 0.638953 0.388824 0.626603 0.398313 0.618840 0.408497 0.616192 0.418680 0.618840 0.428170 0.626603 0.436319 0.638953 0.442572 0.655047 0.446502 0.673790
1 0.489412 0.464518 0.488035 0.482949 0.484000 0.500125 0.477581 0.514874 0.469216 0.526191 0.459474 0.533306 0.449020 0.535732 0.438565 0.533306 0.428824 0.526191 0.420458 0.514874 0.414039 0.500125 0.410004 0.482949 0.408627 0.464518 0.410004 0.446086 0.414039 0.428911 0.420458 0.414162 0.428824 0.402844 0.438565 0.395730 0.449020 0.393303 0.459474 0.395730 0.469216 0.402844 0.477581 0.414162 0.484000 0.428911 0.488035 0.446086
1 0.493072 0.289605 0.491785 0.307649 0.488011 0.324463 0.482007 0.338901 0.474183 0.349980 0.465072 0.356945 0.455294 0.359320 0.445517 0.356945 0.436405 0.349980 0.428581 0.338901 0.422578 0.324463 0.418804 0.307649 0.417516 0.289605 0.418804 0.271562 0.422578 0.254748 0.428581 0.240309 0.436405 0.229230 0.445517 0.222266 0.455294 0.219890 0.465072 0.222266 0.474183 0.229230 0.482007 0.240309 0.488011 0.254748 0.491785 0.271562
1 0.558693 0.374563 0.557352 0.393770 0.553421 0.411669 0.547169 0.427039 0.539020 0.438833 0.529530 0.446247 0.519346 0.448776 0.509163 0.446247 0.499673 0.438833 0.491524 0.427039 0.485271 0.411669 0.481341 0.393770 0.480000 0.374563 0.481341 0.355355 0.485271 0.337456 0.491524 0.322086 0.499673 0.310292 0.509163 0.302879 0.519346 0.300350 0.529530 0.302879 0.539020 0.310292 0.547169 0.322086 0.553421 0.337456 0.557352 0.355355
1 0.570458 0.540980 0.569054 0.560705 0.564941 0.579085 0.558397 0.594869 0.549869 0.606981 0.539938 0.614595 0.529281 0.617191 0.518624 0.614595 0.508693 0.606981 0.500165 0.594869 0.493621 0.579085 0.489508 0.560705 0.488105 0.540980 0.489508 0.521254 0.493621 0.502874 0.500165 0.487090 0.508693 0.474978 0.518624 0.467364 0.529281 0.464768 0.539938 0.467364 0.549869 0.474978 0.558397 0.487090 0.564941 0.502874 0.569054 0.521254
1 0.550588 0.727386 0.549114 0.749052 0.544791 0.769240 0.537915 0.786577 0.528954 0.799880 0.518519 0.808242 0.507320 0.811094 0.496122 0.808242 0.485686 0.799880 0.476725 0.786577 0.469849 0.769240 0.465527 0.749052 0.464052 0.727386 0.465527 0.705721 0.469849 0.685532 0.476725 0.668196 0.485686 0.654893 0.496122 0.646530 0.507320 0.643678 0.518519 0.646530 0.528954 0.654893 0.537915 0.668196 0.544791 0.685532 0.549114 0.705721
1 0.577778 0.901799 0.576205 0.924628 0.571596 0.945902 0.564263 0.964170 0.554706 0.978188 0.543577 0.986999 0.531634 0.990005 0.519691 0.986999 0.508562 0.978188 0.499005 0.964170 0.491672 0.945902 0.487063 0.924628 0.485490 0.901799 0.487063 0.878970 0.491672 0.857696 0.499005 0.839428 0.508562 0.825411 0.519691 0.816599 0.531634 0.813593 0.543577 0.816599 0.554706 0.825411 0.564263 0.839428 0.571596 0.857696 0.576205 0.878970
1 0.641307 0.450025 0.639913 0.468845 0.635826 0.486382 0.629323 0.501441 0.620850 0.512997 0.610982 0.520261 0.600392 0.522739 0.589803 0.520261 0.579935 0.512997 0.571461 0.501441 0.564959 0.486382 0.560871 0.468845 0.559477 0.450025 0.560871 0.431205 0.564959 0.413668 0.571461 0.398609 0.579935 0.387053 0.589803 0.379789 0.600392 0.377311 0.610982 0.379789 0.620850 0.387053 0.629323 0.398609 0.635826 0.413668 0.639913 0.431205
1 0.718170 0.520490 0.716705 0.539827 0.712408 0.557846 0.705574 0.573320 0.696667 0.585193 0.686294 0.592657 0.675163 0.595202 0.664032 0.592657 0.653660 0.585193 0.644753 0.573320 0.637919 0.557846 0.633622 0.539827 0.632157 0.520490 0.633622 0.501153 0.637919 0.483133 0.644753 0.467660 0.653660 0.455787 0.664032 0.448323 0.675163 0.445777 0.686294 0.448323 0.696667 0.455787 0.705574 0.467660 0.712408 0.483133 0.716705 0.501153
1 0.667974 0.657921 0.666508 0.678810 0.662212 0.698276 0.655378 0.714991 0.646471 0.727818 0.636098 0.735881 0.624967 0.738631 0.613836 0.735881 0.603464 0.727818 0.594557 0.714991 0.587723 0.698276 0.583426 0.678810 0.581961 0.657921 0.583426 0.637032 0.587723 0.617566 0.594557 0.600851 0.603464 0.588024 0.613836 0.579962 0.624967 0.577211 0.636098 0.579962 0.646471 0.588024 0.655378 0.600851 0.662212 0.617566 0.666508 0.637032
1 0.666928 0.830335 0.665391 0.852776 0.660886 0.873688 0.653719 0.891646 0.644379 0.905425 0.633502 0.914087 0.621830 0.917041 0.610158 0.914087 0.599281 0.905425 0.589941 0.891646 0.582774 0.873688 0.578269 0.852776 0.576732 0.830335 0.578269 0.807893 0.582774 0.786982 0.589941 0.769024 0.599281 0.755245 0.610158 0.746583 0.621830 0.743628 0.633502 0.746583 0.644379 0.755245 0.653719 0.769024 0.660886 0.786982 0.665391 0.807893
1 0.760784 0.687406 0.759248 0.708813 0.754742 0.728761 0.747575 0.745890 0.738235 0.759034 0.727359 0.767297 0.715686 0.770115 0.704014 0.767297 0.693137 0.759034 0.683797 0.745890 0.676630 0.728761 0.672125 0.708813 0.670588 0.687406 0.672125 0.666000 0.676630 0.646052 0.683797 0.628922 0.693137 0.615779 0.704014 0.607516 0.715686 0.604698 0.727359 0.607516 0.738235 0.615779 0.747575 0.628922 0.754742 0.646052 0.759248 0.666000
1 0.761569 0.870315 0.760023 0.893662 0.755492 0.915417 0.748283 0.934099 0.738889 0.948435 0.727949 0.957446 0.716209 0.960520 0.704469 0.957446 0.693529 0.948435 0.684135 0.934099 0.676927 0.915417 0.672395 0.893662 0.670850 0.870315 0.672395 0.846968 0.676927 0.825212 0.684135 0.806530 0.693529 0.792195 0.704469 0.783184 0.716209 0.780110 0.727949 0.783184 0.738889 0.792195 0.748283 0.806530 0.755492 0.825212 0.760023 0.846968
1 0.849150 0.671414 0.847685 0.693209 0.843389 0.713518 0.836554 0.730958 0.827647 0.744340 0.817275 0.752753 0.806144 0.755622 0.795013 0.752753 0.784641 0.744340 0.775734 0.730958 0.768899 0.713518 0.764603 0.693209 0.763137 0.671414 0.764603 0.649620 0.768899 0.629310 0.775734 0.611870 0.784641 0.598488 0.795013 0.590076 0.806144 0.587206 0.817275 0.590076 0.827647 0.598488 0.836554 0.611870 0.843389 0.629310 0.847685 0.649620
1 0.854379 0.846827 0.852825 0.869268 0.848267 0.890180 0.841017 0.908137 0.831569 0.921917 0.820566 0.930579 0.808758 0.933533 0.796951 0.930579 0.785948 0.921917 0.776499 0.908137 0.769249 0.890180 0.764692 0.869268 0.763137 0.846827 0.764692 0.824385 0.769249 0.803473 0.776499 0.785516 0.785948 0.771736 0.796951 0.763074 0.808758 0.760120 0.820566 0.763074 0.831569 0.771736 0.841017 0.785516 0.848267 0.803473 0.852825 0.824385
1 0.966275 0.853323 0.964702 0.876670 0.960092 0.898426 0.952759 0.917108 0.943203 0.931443 0.932074 0.940455 0.920131 0.943528 0.908188 0.940455 0.897059 0.931443 0.887502 0.917108 0.880169 0.898426 0.875559 0.876670 0.873987 0.853323 0.875559 0.829977 0.880169 0.808221 0.887502 0.789539 0.897059 0.775204 0.908188 0.766192 0.920131 0.763118 0.932074 0.766192 0.943203 0.775204 0.952759 0.789539 0.960092 0.808221 0.964702 0.829977
0 0.006186 0.820425 0.019373 0.901089 0.037833 0.922629 0.064688 0.914378 0.082669 0.870380 0.062769 0.797511
0 0.080750 0.803928 0.073799 0.895587 0.146925 0.980835 0.198233 0.900630 0.206625 0.839215 0.199192 0.802549 0.141409 0.745722 0.110481 0.764968
0 0.208544 0.780095 0.217414 0.847466 0.244986 0.916672 0.290301 0.913463 0.304928 0.853883 0.310682 0.788341 0.262970 0.718681
0 0.364149 0.803009 0.353597 0.842424 0.366306 0.902004 0.396515 0.909795 0.420970 0.867171 0.416175 0.825467 0.395556 0.788801
0 0.513759 0.871754 0.505127 0.913003 0.550682 0.957461 0.562910 0.912089 0.559553 0.878631 0.549242 0.827301
0 0.570102 0.795677 0.605827 0.872214 0.658813 0.860300 0.648505 0.757176 0.631720 0.733803 0.594797 0.757636
0 0.666486 0.829590 0.681830 0.952419 0.739135 0.972129 0.777974 0.910715 0.783969 0.847006 0.733859 0.742054 0.719475 0.741134 0.669124 0.779175
0 0.757595 0.770010 0.775098 0.689345 0.859493 0.770010 0.897856 0.907506 0.850382 0.966167 0.798356 0.937296
0 0.941493 0.729220 0.990643 0.834633 0.990884 0.960210 0.897375 0.954253 0.886107 0.859840
0 0.788044 0.631599 0.804588 0.599975 0.830243 0.629765 0.840552 0.687056 0.822810 0.724638 0.804348 0.720515 0.790204 0.677891
0 0.753759 0.601349 0.765268 0.701724 0.750162 0.735177 0.684227 0.713638 0.700293 0.627931 0.722591 0.612349
0 0.645388 0.591724 0.635796 0.700345 0.603908 0.684308 0.599833 0.621059 0.620693 0.593103
0 0.633639 0.572019 0.695498 0.592644 0.721150 0.514273 0.721391 0.467066 0.691182 0.412069 0.651621 0.451024
0 0.501532 0.637556 0.531260 0.641224 0.552599 0.667806 0.561710 0.744343 0.553320 0.785132 0.511362 0.803009 0.454298 0.709515 0.467244 0.665517
0 0.396515 0.742969 0.420732 0.740680 0.439673 0.674683 0.423129 0.625642 0.396515 0.655892 0.388604 0.696222
0 0.313318 0.789720 0.359592 0.753968 0.346405 0.649015 0.272800 0.698971 0.275676 0.736097
0 0.221969 0.634808 0.212858 0.697596 0.222209 0.715932 0.265846 0.690265 0.275435 0.645807 0.245945 0.594933
0 0.100651 0.654058 0.113838 0.609600 0.136374 0.594018 0.167545 0.598601 0.182889 0.632519 0.175935 0.690725 0.135176 0.723723 0.106646 0.696682
0 0.068523 0.633433 0.081710 0.665057 0.070920 0.682929 0.053417 0.681099 0.052698 0.650850
0 0.040230 0.531689 0.072839 0.457901 0.099932 0.442774 0.117673 0.475317 0.113838 0.532144 0.081469 0.563768
0 0.121030 0.566977 0.182170 0.589435 0.250980 0.439565 0.127984 0.314448 0.111200 0.431774
0 0.209503 0.460190 0.247383 0.539480 0.293898 0.526187 0.307804 0.482189 0.326267 0.428111 0.253137 0.374028
0 0.332740 0.484483 0.327705 0.515647 0.343289 0.581184 0.363427 0.583478 0.400353 0.526647 0.408983 0.470730 0.352641 0.423983
0 0.410183 0.473483 0.417135 0.364863 0.475396 0.374943 0.497454 0.438651 0.478034 0.538561 0.429603 0.520690
0 0.465328 0.520230 0.489542 0.644433 0.559553 0.637556 0.579692 0.610060 0.576337 0.490900 0.527425 0.414818 0.503208 0.424903
0 0.568183 0.465232 0.577056 0.413903 0.590962 0.403818 0.603190 0.407941 0.626925 0.449190 0.604868 0.484023
0 0.515278 0.403388 0.526740 0.418796 0.543396 0.386612 0.539276 0.353748 0.514204 0.348956
0 0.447297 0.364908 0.482782 0.335577 0.491652 0.240705 0.460005 0.208166 0.427158 0.216412 0.428115 0.290200
0 0.424039 0.319535 0.403182 0.440990 0.378724 0.453363 0.349475 0.411654 0.342042 0.352074 0.366978 0.278746
0 0.349953 0.335117 0.324539 0.413028 0.284978 0.392404 0.271553 0.365822 0.285218 0.269580 0.323579 0.278286
0 0.175647 0.312659 0.204418 0.299370 0.231273 0.321369 0.231511 0.382324 0.216408 0.416237 0.188115 0.397446
0 0.131292 0.266827 0.091971 0.273703 0.064638 0.338786 0.069433 0.391489 0.120502 0.416237 0.146876 0.357116
0 0.110193 0.261789 0.096766 0.226497 0.107556 0.177456 0.134889 0.149960 0.158625 0.138961 0.172290 0.154083 0.173250 0.205412 0.143281 0.251244
0 0.191712 0.201749 0.186196 0.257661 0.236787 0.297076 0.258125 0.239790 0.248295 0.201289 0.224800 0.177916
0 0.368894 0.155002 0.405817 0.174248 0.431953 0.226957 0.418285 0.294328 0.393111 0.297996 0.365059 0.240705
0 0.296248 0.260870 0.321901 0.220080 0.332690 0.114668 0.309195 0.075252 0.270593 0.101379 0.257885 0.158206
0 0.201542 0.133918 0.214729 0.172874 0.248055 0.176542 0.269875 0.171959 0.289535 0.096797 0.269875 0.051879 0.229595 0.022989 0.202740 0.053713
0 0.172771 0.029880 0.192672 0.045462 0.194110 0.066547 0.178044 0.096337 0.164620 0.087171 0.159344 0.048671
0 0.144238 0.066087 0.077825 0.008341 0.040661 0.090380 0.056967 0.164168 0.104439 0.177456 0.125778 0.151334
