1 0.172620 0.106278 0.171179 0.124113 0.166955 0.140733 0.160236 0.155004 0.151479 0.165955 0.141282 0.172839 0.130338 0.175187 0.119395 0.172839 0.109197 0.165955 0.100441 0.155004 0.093721 0.140733 0.089497 0.124113 0.088056 0.106278 0.089497 0.088443 0.093721 0.071824 0.100441 0.057552 0.109197 0.046601 0.119395 0.039717 0.130338 0.037369 0.141282 0.039717 0.151479 0.046601 0.160236 0.057552 0.166955 0.071824 0.171179 0.088443
1 0.281342 0.090349 0.279854 0.107885 0.275491 0.124227 0.268550 0.138259 0.259505 0.149027 0.248972 0.155796 0.237668 0.158105 0.226364 0.155796 0.215831 0.149027 0.206786 0.138259 0.199845 0.124227 0.195482 0.107885 0.193994 0.090349 0.195482 0.072812 0.199845 0.056471 0.206786 0.042438 0.215831 0.031670 0.226364 0.024902 0.237668 0.022593 0.248972 0.024902 0.259505 0.031670 0.268550 0.042438 0.275491 0.056471 0.279854 0.072812
1 0.564664 0.266259 0.563228 0.283217 0.559016 0.299019 0.552317 0.312588 0.543585 0.323000 0.533418 0.329545 0.522507 0.331778 0.511596 0.329545 0.501428 0.323000 0.492697 0.312588 0.485997 0.299019 0.481786 0.283217 0.480349 0.266259 0.481786 0.249302 0.485997 0.233500 0.492697 0.219931 0.501428 0.209519 0.511596 0.202974 0.522507 0.200741 0.533418 0.202974 0.543585 0.209519 0.552317 0.219931 0.559016 0.233500 0.563228 0.249302
1 0.274529 0.228213 0.273080 0.245568 0.268834 0.261739 0.262079 0.275626 0.253275 0.286282 0.243023 0.292980 0.232022 0.295265 0.221020 0.292980 0.210769 0.286282 0.201965 0.275626 0.195210 0.261739 0.190964 0.245568 0.189515 0.228213 0.190964 0.210859 0.195210 0.194688 0.201965 0.180801 0.210769 0.170145 0.221020 0.163446 0.232022 0.161162 0.243023 0.163446 0.253275 0.170145 0.262079 0.180801 0.268834 0.194688 0.273080 0.210859
1 0.361311 0.281792 0.359816 0.298637 0.355435 0.314333 0.348464 0.327812 0.339380 0.338155 0.328801 0.344657 0.317448 0.346875 0.306095 0.344657 0.295516 0.338155 0.286432 0.327812 0.279461 0.314333 0.275079 0.298637 0.273585 0.281792 0.275079 0.264947 0.279461 0.249250 0.286432 0.235771 0.295516 0.225429 0.306095 0.218927 0.317448 0.216709 0.328801 0.218927 0.339380 0.225429 0.348464 0.235771 0.355435 0.249250 0.359816 0.264947
1 0.640100 0.328491 0.638688 0.345225 0.634547 0.360819 0.627961 0.374210 0.619376 0.384485 0.609380 0.390944 0.598653 0.393147 0.587925 0.390944 0.577929 0.384485 0.569345 0.374210 0.562758 0.360819 0.558617 0.345225 0.557205 0.328491 0.558617 0.311756 0.562758 0.296162 0.569345 0.282772 0.577929 0.272497 0.587925 0.266037 0.598653 0.263834 0.609380 0.266037 0.619376 0.272497 0.627961 0.282772 0.634547 0.296162 0.638688 0.311756
1 0.717390 0.370204 0.715963 0.386933 0.711780 0.402521 0.705126 0.415907 0.696454 0.426179 0.686355 0.432636 0.675518 0.434838 0.664681 0.432636 0.654583 0.426179 0.645911 0.415907 0.639257 0.402521 0.635074 0.386933 0.633647 0.370204 0.635074 0.353476 0.639257 0.337888 0.645911 0.324502 0.654583 0.314230 0.664681 0.307773 0.675518 0.305571 0.686355 0.307773 0.696454 0.314230 0.705126 0.324502 0.711780 0.337888 0.715963 0.353476
1 0.804938 0.372825 0.803573 0.389074 0.799572 0.404215 0.793206 0.417217 0.784910 0.427194 0.775250 0.433466 0.764883 0.435605 0.754516 0.433466 0.744855 0.427194 0.736559 0.417217 0.730194 0.404215 0.726192 0.389074 0.724827 0.372825 0.726192 0.356576 0.730194 0.341435 0.736559 0.328433 0.744855 0.318456 0.754516 0.312184 0.764883 0.310045 0.775250 0.312184 0.784910 0.318456 0.793206 0.328433 0.799572 0.341435 0.803573 0.356576
1 0.905529 0.425031 0.904220 0.441382 0.900381 0.456618 0.894275 0.469702 0.886317 0.479741 0.877050 0.486052 0.867105 0.488205 0.857160 0.486052 0.847893 0.479741 0.839935 0.469702 0.833829 0.456618 0.829990 0.441382 0.828681 0.425031 0.829990 0.408681 0.833829 0.393444 0.839935 0.380361 0.847893 0.370321 0.857160 0.364010 0.867105 0.361858 0.877050 0.364010 0.886317 0.370321 0.894275 0.380361 0.900381 0.393444 0.904220 0.408681
1 0.997134 0.428501 0.995865 0.443839 0.992144 0.458132 0.986224 0.470405 0.978509 0.479823 0.969524 0.485743 0.959883 0.487762 0.950241 0.485743 0.941257 0.479823 0.933542 0.470405 0.927622 0.458132 0.923900 0.443839 0.922631 0.428501 0.923900 0.413164 0.927622 0.398871 0.933542 0.386598 0.941257 0.377180 0.950241 0.371260 0.959883 0.369241 0.969524 0.371260 0.978509 0.377180 0.986224 0.386598 0.992144 0.398871 0.995865 0.413164
1 0.370377 0.420162 0.368868 0.437301 0.364442 0.453272 0.357401 0.466987 0.348225 0.477510 0.337540 0.484126 0.326073 0.486382 0.314606 0.484126 0.303921 0.477510 0.294745 0.466987 0.287704 0.453272 0.283278 0.437301 0.281769 0.420162 0.283278 0.403023 0.287704 0.387052 0.294745 0.373337 0.303921 0.362814 0.314606 0.356198 0.326073 0.353942 0.337540 0.356198 0.348225 0.362814 0.357401 0.373337 0.364442 0.387052 0.368868 0.403023
1 0.557991 0.563347 0.556560 0.580006 0.552361 0.595529 0.545683 0.608860 0.536980 0.619089 0.526845 0.625519 0.515969 0.627712 0.505092 0.625519 0.494957 0.619089 0.486254 0.608860 0.479576 0.595529 0.475378 0.580006 0.473946 0.563347 0.475378 0.546688 0.479576 0.531164 0.486254 0.517834 0.494957 0.507605 0.505092 0.501175 0.515969 0.498981 0.526845 0.501175 0.536980 0.507605 0.545683 0.517834 0.552361 0.531164 0.556560 0.546688
1 0.723594 0.522274 0.722166 0.539075 0.717979 0.554732 0.711319 0.568177 0.702639 0.578494 0.692532 0.584979 0.681685 0.587191 0.670838 0.584979 0.660731 0.578494 0.652051 0.568177 0.645391 0.554732 0.641205 0.539075 0.639777 0.522274 0.641205 0.505472 0.645391 0.489815 0.652051 0.476370 0.660731 0.466053 0.670838 0.459568 0.681685 0.457356 0.692532 0.459568 0.702639 0.466053 0.711319 0.476370 0.717979 0.489815 0.722166 0.505472
1 0.806975 0.501758 0.805595 0.518339 0.801550 0.533789 0.795114 0.547057 0.786728 0.557238 0.776962 0.563638 0.766481 0.565820 0.756001 0.563638 0.746234 0.557238 0.737848 0.547057 0.731413 0.533789 0.727367 0.518339 0.725988 0.501758 0.727367 0.485178 0.731413 0.469728 0.737848 0.456460 0.746234 0.446279 0.756001 0.439879 0.766481 0.437697 0.776962 0.439879 0.786728 0.446279 0.795114 0.456460 0.801550 0.469728 0.805595 0.485178
1 0.884915 0.556602 0.883527 0.572661 0.879458 0.587625 0.872985 0.600476 0.864550 0.610336 0.854726 0.616535 0.844184 0.618649 0.833642 0.616535 0.823818 0.610336 0.815382 0.600476 0.808909 0.587625 0.804840 0.572661 0.803453 0.556602 0.804840 0.540543 0.808909 0.525578 0.815382 0.512728 0.823818 0.502868 0.833642 0.496669 0.844184 0.494555 0.854726 0.496669 0.864550 0.502868 0.872985 0.512728 0.879458 0.525578 0.883527 0.540543
1 0.966745 0.567845 0.965302 0.584433 0.961071 0.599891 0.954340 0.613165 0.945568 0.623350 0.935353 0.629753 0.924391 0.631937 0.913429 0.629753 0.903214 0.623350 0.894443 0.613165 0.887712 0.599891 0.883481 0.584433 0.882037 0.567845 0.883481 0.551257 0.887712 0.535800 0.894443 0.522526 0.903214 0.512341 0.913429 0.505938 0.924391 0.503754 0.935353 0.505938 0.945568 0.512341 0.954340 0.522526 0.961071 0.535800 0.965302 0.551257
1 0.181606 0.444683 0.180158 0.461879 0.175913 0.477903 0.169159 0.491664 0.160358 0.502223 0.150108 0.508860 0.139109 0.511124 0.128110 0.508860 0.117860 0.502223 0.109059 0.491664 0.102305 0.477903 0.098060 0.461879 0.096612 0.444683 0.098060 0.427486 0.102305 0.411462 0.109059 0.397701 0.117860 0.387143 0.128110 0.380505 0.139109 0.378241 0.150108 0.380505 0.160358 0.387143 0.169159 0.397701 0.175913 0.411462 0.180158 0.427486
1 0.274667 0.501599 0.273146 0.518280 0.268689 0.533823 0.261599 0.547171 0.252358 0.557413 0.241598 0.563852 0.230050 0.566048 0.218502 0.563852 0.207742 0.557413 0.198501 0.547171 0.191411 0.533823 0.186954 0.518280 0.185434 0.501599 0.186954 0.484919 0.191411 0.469375 0.198501 0.456027 0.207742 0.445785 0.218502 0.439347 0.230050 0.437151 0.241598 0.439347 0.252358 0.445785 0.261599 0.456027 0.268689 0.469375 0.273146 0.484919
1 0.373399 0.560253 0.371947 0.577225 0.367688 0.593041 0.360913 0.606622 0.352085 0.617043 0.341803 0.623594 0.330770 0.625828 0.319737 0.623594 0.309455 0.617043 0.300626 0.606622 0.293852 0.593041 0.289593 0.577225 0.288141 0.560253 0.289593 0.543281 0.293852 0.527465 0.300626 0.513884 0.309455 0.503463 0.319737 0.496912 0.330770 0.494677 0.341803 0.496912 0.352085 0.503463 0.360913 0.513884 0.367688 0.527465 0.371947 0.543281
1 0.637115 0.615096 0.635680 0.631239 0.631474 0.646283 0.624782 0.659201 0.616061 0.669114 0.605906 0.675345 0.595008 0.677471 0.584110 0.675345 0.573955 0.669114 0.565234 0.659201 0.558543 0.646283 0.554336 0.631239 0.552901 0.615096 0.554336 0.598952 0.558543 0.583908 0.565234 0.570990 0.573955 0.561077 0.584110 0.554846 0.595008 0.552721 0.605906 0.554846 0.616061 0.561077 0.624782 0.570990 0.631474 0.583908 0.635680 0.598952
1 0.800486 0.627809 0.799101 0.643565 0.795041 0.658248 0.788582 0.670856 0.780165 0.680531 0.770363 0.686612 0.759845 0.688687 0.749326 0.686612 0.739524 0.680531 0.731107 0.670856 0.724648 0.658248 0.720588 0.643565 0.719203 0.627809 0.720588 0.612053 0.724648 0.597370 0.731107 0.584762 0.739524 0.575087 0.749326 0.569005 0.759845 0.566931 0.770363 0.569005 0.780165 0.575087 0.788582 0.584762 0.795041 0.597370 0.799101 0.612053
1 0.873718 0.699671 0.872429 0.715684 0.868650 0.730606 0.862638 0.743419 0.854804 0.753251 0.845681 0.759432 0.835890 0.761540 0.826100 0.759432 0.816976 0.753251 0.809142 0.743419 0.803130 0.730606 0.799351 0.715684 0.798062 0.699671 0.799351 0.683659 0.803130 0.668737 0.809142 0.655924 0.816976 0.646092 0.826100 0.639911 0.835890 0.637803 0.845681 0.639911 0.854804 0.646092 0.862638 0.655924 0.868650 0.668737 0.872429 0.683659
1 0.961498 0.705447 0.960115 0.720687 0.956060 0.734888 0.949609 0.747084 0.941203 0.756441 0.931413 0.762324 0.920907 0.764330 0.910402 0.762324 0.900612 0.756441 0.892205 0.747084 0.885755 0.734888 0.881700 0.720687 0.880316 0.705447 0.881700 0.690207 0.885755 0.676005 0.892205 0.663810 0.900612 0.654452 0.910402 0.648570 0.920907 0.646564 0.931413 0.648570 0.941203 0.654452 0.949609 0.663810 0.956060 0.676005 0.960115 0.690207
1 0.179246 0.618261 0.177765 0.634996 0.173422 0.650591 0.166514 0.663983 0.157510 0.674259 0.147026 0.680719 0.135775 0.682922 0.124524 0.680719 0.114039 0.674259 0.105036 0.663983 0.098128 0.650591 0.093785 0.634996 0.092304 0.618261 0.093785 0.601525 0.098128 0.585930 0.105036 0.572539 0.114039 0.562263 0.124524 0.555803 0.135775 0.553600 0.147026 0.555803 0.157510 0.562263 0.166514 0.572539 0.173422 0.585930 0.177765 0.601525
1 0.362694 0.700165 0.361285 0.716847 0.357156 0.732392 0.350588 0.745741 0.342028 0.755984 0.332060 0.762423 0.321362 0.764619 0.310665 0.762423 0.300697 0.755984 0.292137 0.745741 0.285568 0.732392 0.281439 0.716847 0.280031 0.700165 0.281439 0.683483 0.285568 0.667938 0.292137 0.654589 0.300697 0.644346 0.310665 0.637907 0.321362 0.635710 0.332060 0.637907 0.342028 0.644346 0.350588 0.654589 0.357156 0.667938 0.361285 0.683483
1 0.542202 0.690186 0.540791 0.707139 0.536651 0.722936 0.530067 0.736501 0.521486 0.746910 0.511493 0.753453 0.500770 0.755685 0.490046 0.753453 0.480054 0.746910 0.471473 0.736501 0.464888 0.722936 0.460749 0.707139 0.459337 0.690186 0.460749 0.673234 0.464888 0.657437 0.471473 0.643872 0.480054 0.633463 0.490046 0.626919 0.500770 0.624688 0.511493 0.626919 0.521486 0.633463 0.530067 0.643872 0.536651 0.657437 0.540791 0.673234
1 0.618496 0.742849 0.617110 0.759290 0.613047 0.774611 0.606583 0.787767 0.598159 0.797863 0.588349 0.804209 0.577821 0.806373 0.567294 0.804209 0.557484 0.797863 0.549060 0.787767 0.542596 0.774611 0.538533 0.759290 0.537147 0.742849 0.538533 0.726407 0.542596 0.711086 0.549060 0.697930 0.557484 0.687835 0.567294 0.681489 0.577821 0.679324 0.588349 0.681489 0.598159 0.687835 0.606583 0.697930 0.613047 0.711086 0.617110 0.726407
1 0.786545 0.752460 0.785116 0.769455 0.780925 0.785292 0.774257 0.798892 0.765568 0.809327 0.755450 0.815887 0.744591 0.818124 0.733733 0.815887 0.723614 0.809327 0.714925 0.798892 0.708258 0.785292 0.704067 0.769455 0.702637 0.752460 0.704067 0.735465 0.708258 0.719628 0.714925 0.706029 0.723614 0.695593 0.733733 0.689034 0.744591 0.686796 0.755450 0.689034 0.765568 0.695593 0.774257 0.706029 0.780925 0.719628 0.785116 0.735465
1 0.875948 0.832241 0.874592 0.847833 0.870616 0.862363 0.864291 0.874840 0.856048 0.884414 0.846449 0.890432 0.836148 0.892485 0.825847 0.890432 0.816248 0.884414 0.808005 0.874840 0.801680 0.862363 0.797704 0.847833 0.796348 0.832241 0.797704 0.816649 0.801680 0.802119 0.808005 0.789642 0.816248 0.780068 0.825847 0.774049 0.836148 0.771997 0.846449 0.774049 0.856048 0.780068 0.864291 0.789642 0.870616 0.802119 0.874592 0.816649
1 0.181718 0.765887 0.180316 0.781666 0.176206 0.796370 0.169667 0.808996 0.161145 0.818685 0.151221 0.824775 0.140572 0.826853 0.129922 0.824775 0.119998 0.818685 0.111476 0.808996 0.104937 0.796370 0.100827 0.781666 0.099425 0.765887 0.100827 0.750107 0.104937 0.735403 0.111476 0.722777 0.119998 0.713088 0.129922 0.706998 0.140572 0.704920 0.151221 0.706998 0.161145 0.713088 0.169667 0.722777 0.176206 0.735403 0.180316 0.750107
1 0.282083 0.763219 0.280625 0.779380 0.276353 0.794441 0.269557 0.807373 0.260701 0.817296 0.250387 0.823535 0.239319 0.825662 0.228251 0.823535 0.217937 0.817296 0.209081 0.807373 0.202285 0.794441 0.198013 0.779380 0.196555 0.763219 0.198013 0.747057 0.202285 0.731997 0.209081 0.719064 0.217937 0.709141 0.228251 0.702903 0.239319 0.700775 0.250387 0.702903 0.260701 0.709141 0.269557 0.719064 0.276353 0.731997 0.280625 0.747057
1 0.367433 0.846120 0.366010 0.862637 0.361839 0.878029 0.355204 0.891246 0.346557 0.901388 0.336487 0.907764 0.325681 0.909938 0.314875 0.907764 0.304805 0.901388 0.296158 0.891246 0.289523 0.878029 0.285352 0.862637 0.283929 0.846120 0.285352 0.829603 0.289523 0.814211 0.296158 0.800994 0.304805 0.790852 0.314875 0.784477 0.325681 0.782302 0.336487 0.784477 0.346557 0.790852 0.355204 0.800994 0.361839 0.814211 0.366010 0.829603
1 0.471476 0.865006 0.470059 0.881135 0.465905 0.896166 0.459296 0.909073 0.450684 0.918977 0.440654 0.925203 0.429892 0.927326 0.419129 0.925203 0.409099 0.918977 0.400487 0.909073 0.393878 0.896166 0.389724 0.881135 0.388307 0.865006 0.389724 0.848876 0.393878 0.833845 0.400487 0.820938 0.409099 0.811034 0.419129 0.804809 0.429892 0.802685 0.440654 0.804809 0.450684 0.811034 0.459296 0.820938 0.465905 0.833845 0.470059 0.848876
1 0.616144 0.896649 0.614741 0.913197 0.610627 0.928618 0.604083 0.941860 0.595555 0.952021 0.585623 0.958409 0.574965 0.960587 0.564308 0.958409 0.554376 0.952021 0.545848 0.941860 0.539304 0.928618 0.535190 0.913197 0.533787 0.896649 0.535190 0.880100 0.539304 0.864680 0.545848 0.851438 0.554376 0.841277 0.564308 0.834889 0.574965 0.832710 0.585623 0.834889 0.595555 0.841277 0.604083 0.851438 0.610627 0.864680 0.614741 0.880100
1 0.777151 0.902180 0.775722 0.918057 0.771532 0.932852 0.764867 0.945556 0.756181 0.955305 0.746066 0.961433 0.735211 0.963523 0.724356 0.961433 0.714241 0.955305 0.705555 0.945556 0.698890 0.932852 0.694701 0.918057 0.693272 0.902180 0.694701 0.886303 0.698890 0.871509 0.705555 0.858804 0.714241 0.849055 0.724356 0.842927 0.735211 0.840837 0.746066 0.842927 0.756181 0.849055 0.764867 0.858804 0.771532 0.871509 0.775722 0.886303
1 0.178598 0.901781 0.177222 0.918605 0.173187 0.934282 0.166768 0.947744 0.158403 0.958074 0.148662 0.964568 0.138208 0.966783 0.127755 0.964568 0.118013 0.958074 0.109648 0.947744 0.103230 0.934282 0.099195 0.918605 0.097819 0.901781 0.099195 0.884957 0.103230 0.869280 0.109648 0.855817 0.118013 0.845487 0.127755 0.838993 0.138208 0.836778 0.148662 0.838993 0.158403 0.845487 0.166768 0.855817 0.173187 0.869280 0.177222 0.884957
1 0.281920 0.891054 0.280477 0.907249 0.276246 0.922340 0.269516 0.935298 0.260744 0.945242 0.250530 0.951493 0.239569 0.953625 0.228608 0.951493 0.218394 0.945242 0.209623 0.935298 0.202892 0.922340 0.198661 0.907249 0.197218 0.891054 0.198661 0.874860 0.202892 0.859769 0.209623 0.846810 0.218394 0.836866 0.228608 0.830615 0.239569 0.828483 0.250530 0.830615 0.260744 0.836866 0.269516 0.846810 0.276246 0.859769 0.280477 0.874860
1 0.561743 0.407035 0.560321 0.423954 0.556153 0.439720 0.549523 0.453259 0.540882 0.463648 0.530820 0.470178 0.520022 0.472405 0.509223 0.470178 0.499161 0.463648 0.490520 0.453259 0.483890 0.439720 0.479722 0.423954 0.478301 0.407035 0.479722 0.390116 0.483890 0.374350 0.490520 0.360812 0.499161 0.350423 0.509223 0.343893 0.520022 0.341665 0.530820 0.343893 0.540882 0.350423 0.549523 0.360812 0.556153 0.374350 0.560321 0.390116
1 0.277110 0.360892 0.275649 0.377690 0.271368 0.393343 0.264558 0.406784 0.255682 0.417098 0.245347 0.423582 0.234255 0.425794 0.223164 0.423582 0.212828 0.417098 0.203953 0.406784 0.197142 0.393343 0.192861 0.377690 0.191401 0.360892 0.192861 0.344094 0.197142 0.328441 0.203953 0.315000 0.212828 0.304686 0.223164 0.298202 0.234255 0.295991 0.245347 0.298202 0.255682 0.304686 0.264558 0.315000 0.271368 0.328441 0.275649 0.344094
1 0.956037 0.829943 0.954626 0.845738 0.950492 0.860456 0.943916 0.873095 0.935346 0.882794 0.925365 0.888890 0.914655 0.890969 0.903945 0.888890 0.893964 0.882794 0.885394 0.873095 0.878818 0.860456 0.874684 0.845738 0.873274 0.829943 0.874684 0.814148 0.878818 0.799430 0.885394 0.786791 0.893964 0.777093 0.903945 0.770996 0.914655 0.768917 0.925365 0.770996 0.935346 0.777093 0.943916 0.786791 0.950492 0.799430 0.954626 0.814148
1 0.272372 0.634030 0.270910 0.650463 0.266625 0.665777 0.259807 0.678927 0.250923 0.689017 0.240577 0.695360 0.229474 0.697524 0.218372 0.695360 0.208025 0.689017 0.199141 0.678927 0.192324 0.665777 0.188038 0.650463 0.186577 0.634030 0.188038 0.617597 0.192324 0.602283 0.199141 0.589133 0.208025 0.579043 0.218372 0.572700 0.229474 0.570536 0.240577 0.572700 0.250923 0.579043 0.259807 0.589133 0.266625 0.602283 0.270910 0.617597
1 0.461703 0.468591 0.460226 0.485146 0.455896 0.500574 0.449007 0.513822 0.440029 0.523987 0.429574 0.530378 0.418354 0.532557 0.407135 0.530378 0.396680 0.523987 0.387702 0.513822 0.380813 0.500574 0.376482 0.485146 0.375005 0.468591 0.376482 0.452035 0.380813 0.436607 0.387702 0.423359 0.396680 0.413194 0.407135 0.406803 0.418354 0.404624 0.429574 0.406803 0.440029 0.413194 0.449007 0.423359 0.455896 0.436607 0.460226 0.452035
1 0.460557 0.598528 0.459119 0.615036 0.454903 0.630419 0.448196 0.643628 0.439456 0.653764 0.429277 0.660136 0.418354 0.662309 0.407431 0.660136 0.397252 0.653764 0.388512 0.643628 0.381805 0.630419 0.377589 0.615036 0.376151 0.598528 0.377589 0.582020 0.381805 0.566638 0.388512 0.553428 0.397252 0.543292 0.407431 0.536920 0.418354 0.534747 0.429277 0.536920 0.439456 0.543292 0.448196 0.553428 0.454903 0.566638 0.459119 0.582020
1 0.722446 0.661550 0.721038 0.677853 0.716908 0.693045 0.710339 0.706090 0.701778 0.716101 0.691809 0.722393 0.681110 0.724540 0.670412 0.722393 0.660442 0.716101 0.651882 0.706090 0.645313 0.693045 0.641183 0.677853 0.639775 0.661550 0.641183 0.645247 0.645313 0.630055 0.651882 0.617010 0.660442 0.606999 0.670412 0.600707 0.681110 0.598560 0.691809 0.600707 0.701778 0.606999 0.710339 0.617010 0.716908 0.630055 0.721038 0.645247
1 0.455976 0.340921 0.454528 0.358053 0.450283 0.374017 0.443531 0.387726 0.434731 0.398244 0.424483 0.404857 0.413486 0.407112 0.402489 0.404857 0.392241 0.398244 0.383441 0.387726 0.376688 0.374017 0.372444 0.358053 0.370996 0.340921 0.372444 0.323790 0.376688 0.307826 0.383441 0.294117 0.392241 0.283598 0.402489 0.276986 0.413486 0.274731 0.424483 0.276986 0.434731 0.283598 0.443531 0.294117 0.450283 0.307826 0.454528 0.323790
0 0.099209 0.083941 0.148453 0.075697 0.159475 0.112246 0.131807 0.166818 0.102562 0.108803
0 0.282266 0.004778 0.292666 0.120605 0.279318 0.153690 0.246009 0.148214 0.185863 0.128562 0.187522 0.028451 0.214458 0.000000
0 0.556285 0.228439 0.547957 0.306261 0.525688 0.307222 0.510666 0.298956 0.491840 0.270922 0.493503 0.265751 0.522730 0.213958
0 0.699553 0.297928 0.704060 0.303616 0.722365 0.365838 0.711939 0.412972 0.672982 0.443836 0.669000 0.442854 0.633211 0.372600 0.625959 0.351890 0.653872 0.293068
0 0.771159 0.450931 0.697698 0.357060 0.756922 0.271515 0.775850 0.281830 0.824118 0.328797 0.823157 0.415451 0.813297 0.448729
0 0.846142 0.496009 0.884258 0.490955 0.893371 0.481817 0.911097 0.413750 0.872573 0.349115 0.839244 0.354930 0.825028 0.402494
0 0.260710 0.148241 0.274487 0.240568 0.271434 0.254340 0.236611 0.292976 0.212375 0.269671 0.172996 0.224487 0.194796 0.195000
0 0.305597 0.241399 0.292405 0.261149 0.302017 0.323738 0.341923 0.315988 0.350808 0.275834 0.324917 0.238575 0.322284 0.236497
0 0.278076 0.285303 0.292342 0.401426 0.212454 0.434322 0.182035 0.350347 0.209967 0.267058
0 0.352238 0.435537 0.343899 0.439682 0.320138 0.436201 0.306503 0.416097 0.310326 0.407083 0.346209 0.400104
0 0.398723 0.308269 0.430485 0.299710 0.445155 0.334285 0.439151 0.362976 0.422664 0.376803 0.416869 0.375559 0.390223 0.352529
0 0.409147 0.417260 0.440979 0.438831 0.450972 0.458755 0.440494 0.506305 0.405808 0.514391 0.391290 0.510497 0.374520 0.450687
0 0.540048 0.331147 0.549857 0.343289 0.564679 0.424605 0.513781 0.477835 0.489852 0.430880 0.486848 0.422094 0.502551 0.337147
0 0.543083 0.540768 0.548175 0.545494 0.554038 0.564046 0.555027 0.572200 0.532155 0.633024 0.491522 0.585608 0.492150 0.539953 0.499379 0.532669
0 0.617290 0.347896 0.606711 0.358715 0.588377 0.370634 0.573860 0.335169 0.581713 0.304573 0.615175 0.317406
0 0.704249 0.508572 0.709758 0.538616 0.692717 0.556791 0.678339 0.557562 0.670286 0.553083 0.674600 0.523355 0.693592 0.480034
0 0.806961 0.480929 0.799418 0.543316 0.781757 0.576140 0.741673 0.581551 0.714884 0.535578 0.740185 0.465584 0.774669 0.441800
0 0.847875 0.502471 0.888022 0.530292 0.878379 0.607440 0.845575 0.608489 0.828655 0.590708 0.813862 0.562113 0.802879 0.530636 0.833069 0.510251
0 0.910883 0.546777 0.922784 0.543129 0.942649 0.553105 0.932276 0.592563 0.916723 0.584403 0.899665 0.554963
0 0.925935 0.676947 0.932708 0.685824 0.939315 0.712047 0.938513 0.729150 0.921257 0.737296 0.900130 0.691255 0.899839 0.686845 0.902399 0.684676
0 0.871853 0.621724 0.895597 0.662281 0.880707 0.752269 0.850583 0.787035 0.833443 0.772894 0.798497 0.732868 0.795774 0.722225 0.815183 0.628349 0.833238 0.620709
0 0.970779 0.880569 0.970458 0.874900 0.954995 0.768401 0.889271 0.755839 0.870246 0.854971 0.912955 0.909643
0 0.873959 0.827984 0.874138 0.837756 0.858575 0.889088 0.811501 0.874182 0.813160 0.824514 0.850437 0.784792
0 0.777802 0.729810 0.779374 0.766707 0.756325 0.794559 0.719806 0.751038 0.736904 0.695907
0 0.759607 0.904705 0.746933 0.927624 0.731627 0.938075 0.700329 0.907551 0.701562 0.892268 0.719492 0.859738
0 0.636950 0.924850 0.544817 0.966074 0.538554 0.939761 0.526953 0.831409 0.612028 0.887466
0 0.434165 0.840198 0.447602 0.856313 0.452341 0.889470 0.430243 0.907082 0.423333 0.892449 0.414156 0.852047
0 0.371425 0.850544 0.335666 0.785355 0.318935 0.786197 0.291481 0.853278 0.287730 0.893729 0.322269 0.909070
0 0.266144 0.973971 0.194252 0.949492 0.182401 0.863635 0.253628 0.814203 0.278966 0.899263
0 0.165159 0.858100 0.184290 0.931203 0.140963 1.000000 0.097778 0.988639 0.087882 0.971641 0.071098 0.907438 0.102359 0.832753 0.152510 0.847612
0 0.162093 0.842557 0.102857 0.829741 0.089088 0.746822 0.114450 0.716831 0.165906 0.715776 0.177787 0.743204 0.184201 0.792206
0 0.273709 0.739725 0.270709 0.786461 0.264202 0.793920 0.221681 0.821102 0.187675 0.760470 0.220953 0.719718 0.249113 0.696381 0.262740 0.695633
0 0.348680 0.657126 0.372003 0.724621 0.323170 0.755490 0.311744 0.746979 0.263669 0.679691 0.302905 0.653455 0.343742 0.652678
0 0.172097 0.559913 0.176283 0.632971 0.132956 0.672967 0.126566 0.674202 0.120272 0.670661 0.072197 0.621728 0.082678 0.583541 0.112546 0.565645
0 0.146778 0.368155 0.173775 0.433424 0.183801 0.470435 0.180777 0.478879 0.159525 0.499185 0.119925 0.513729 0.090171 0.500564 0.080540 0.427591 0.085217 0.409835
0 0.235834 0.417600 0.280198 0.478030 0.279576 0.502710 0.276319 0.546088 0.267526 0.571486 0.240543 0.589329 0.195036 0.579473 0.172339 0.528397 0.173385 0.454570
0 0.247573 0.584453 0.201828 0.578227 0.174884 0.634998 0.207384 0.712716 0.265557 0.659785 0.265351 0.630559
0 0.325303 0.477886 0.367521 0.538958 0.356034 0.636011 0.301063 0.623927 0.297739 0.620653 0.272316 0.572214
0 0.442663 0.596697 0.434611 0.648050 0.392951 0.641151 0.384320 0.594175 0.418842 0.550153
0 0.496896 0.651129 0.525973 0.656617 0.526438 0.685646 0.520308 0.714847 0.505808 0.730424 0.484086 0.710005 0.472016 0.683932 0.475948 0.674532
0 0.611043 0.737881 0.605737 0.776319 0.570440 0.760828 0.558653 0.722108 0.561749 0.716655 0.578587 0.710516 0.593615 0.713082
0 0.631540 0.592365 0.614937 0.663373 0.582062 0.675399 0.564877 0.637547 0.567320 0.624853 0.584527 0.576284 0.592965 0.572012 0.605316 0.574761
0 0.682451 0.608689 0.714542 0.652843 0.714829 0.658152 0.682251 0.715893 0.633095 0.661645 0.663777 0.613349
0 0.974653 0.416312 0.976042 0.432904 0.970349 0.433052 0.959683 0.427284 0.959906 0.399496
0 0.764286 0.635695 0.757470 0.640400 0.753513 0.633725 0.757078 0.632094
