1 0.085470 0.604898 0.084098 0.633483 0.080074 0.660120 0.073674 0.682994 0.065333 0.700545 0.055619 0.711579 0.045196 0.715342 0.034772 0.711579 0.025058 0.700545 0.016717 0.682994 0.010317 0.660120 0.006293 0.633483 0.004921 0.604898 0.006293 0.576313 0.010317 0.549677 0.016717 0.526803 0.025058 0.509251 0.034772 0.498218 0.045196 0.494455 0.055619 0.498218 0.065333 0.509251 0.073674 0.526803 0.080074 0.549677 0.084098 0.576313
1 0.084952 0.847043 0.083747 0.882325 0.080216 0.915203 0.074597 0.943436 0.067275 0.965101 0.058749 0.978719 0.049599 0.983364 0.040448 0.978719 0.031922 0.965101 0.024600 0.943436 0.018981 0.915203 0.015450 0.882325 0.014245 0.847043 0.015450 0.811760 0.018981 0.778882 0.024600 0.750649 0.031922 0.728985 0.040448 0.715366 0.049599 0.710721 0.058749 0.715366 0.067275 0.728985 0.074597 0.750649 0.080216 0.778882 0.083747 0.811760
1 0.169904 0.557763 0.168505 0.592807 0.164404 0.625462 0.157880 0.653504 0.149378 0.675021 0.139478 0.688547 0.128853 0.693161 0.118228 0.688547 0.108327 0.675021 0.099825 0.653504 0.093301 0.625462 0.089200 0.592807 0.087801 0.557763 0.089200 0.522720 0.093301 0.490065 0.099825 0.462023 0.108327 0.440506 0.118228 0.426980 0.128853 0.422366 0.139478 0.426980 0.149378 0.440506 0.157880 0.462023 0.164404 0.490065 0.168505 0.522720
1 0.159803 0.849815 0.158528 0.883902 0.154789 0.915665 0.148841 0.942942 0.141090 0.963871 0.132064 0.977028 0.122378 0.981516 0.112691 0.977028 0.103665 0.963871 0.095914 0.942942 0.089966 0.915665 0.086227 0.883902 0.084952 0.849815 0.086227 0.815729 0.089966 0.783965 0.095914 0.756689 0.103665 0.735759 0.112691 0.722602 0.122378 0.718115 0.132064 0.722602 0.141090 0.735759 0.148841 0.756689 0.154789 0.783965 0.158528 0.815729
1 0.242424 0.505083 0.241131 0.542519 0.237341 0.577403 0.231311 0.607359 0.223452 0.630345 0.214301 0.644794 0.204481 0.649723 0.194660 0.644794 0.185509 0.630345 0.177651 0.607359 0.171621 0.577403 0.167830 0.542519 0.166537 0.505083 0.167830 0.467648 0.171621 0.432763 0.177651 0.402808 0.185509 0.379822 0.194660 0.365372 0.204481 0.360444 0.214301 0.365372 0.223452 0.379822 0.231311 0.402808 0.237341 0.432763 0.241131 0.467648
1 0.230769 0.792514 0.229556 0.828514 0.225998 0.862061 0.220339 0.890868 0.212963 0.912973 0.204374 0.926869 0.195157 0.931608 0.185939 0.926869 0.177350 0.912973 0.169975 0.890868 0.164315 0.862061 0.160758 0.828514 0.159544 0.792514 0.160758 0.756514 0.164315 0.722967 0.169975 0.694159 0.177350 0.672055 0.185939 0.658159 0.195157 0.653420 0.204374 0.658159 0.212963 0.672055 0.220339 0.694159 0.225998 0.722967 0.229556 0.756514
1 0.307692 0.847043 0.306514 0.882804 0.303060 0.916128 0.297565 0.944743 0.290404 0.966701 0.282065 0.980505 0.273116 0.985213 0.264167 0.980505 0.255828 0.966701 0.248666 0.944743 0.243172 0.916128 0.239717 0.882804 0.238539 0.847043 0.239717 0.811281 0.243172 0.777957 0.248666 0.749342 0.255828 0.727384 0.264167 0.713580 0.273116 0.708872 0.282065 0.713580 0.290404 0.727384 0.297565 0.749342 0.303060 0.777957 0.306514 0.811281
1 0.349909 0.482902 0.348634 0.518424 0.344895 0.551525 0.338948 0.579949 0.331197 0.601760 0.322170 0.615471 0.312484 0.620148 0.302797 0.615471 0.293771 0.601760 0.286020 0.579949 0.280072 0.551525 0.276334 0.518424 0.275058 0.482902 0.276334 0.447380 0.280072 0.414279 0.286020 0.385855 0.293771 0.364044 0.302797 0.350333 0.312484 0.345656 0.322170 0.350333 0.331197 0.364044 0.338948 0.385855 0.344895 0.414279 0.348634 0.447380
1 0.442372 0.600277 0.441000 0.634364 0.436977 0.666128 0.430576 0.693404 0.422235 0.714333 0.412522 0.727490 0.402098 0.731978 0.391674 0.727490 0.381961 0.714333 0.373619 0.693404 0.367219 0.666128 0.363196 0.634364 0.361823 0.600277 0.363196 0.566191 0.367219 0.534427 0.373619 0.507151 0.381961 0.486221 0.391674 0.473064 0.402098 0.468577 0.412522 0.473064 0.422235 0.486221 0.430576 0.507151 0.436977 0.534427 0.441000 0.566191
1 0.407666 0.830407 0.406294 0.865928 0.402271 0.899030 0.395870 0.927454 0.387529 0.949265 0.377816 0.962976 0.367392 0.967652 0.356968 0.962976 0.347255 0.949265 0.338913 0.927454 0.332513 0.899030 0.328490 0.865928 0.327117 0.830407 0.328490 0.794885 0.332513 0.761784 0.338913 0.733359 0.347255 0.711548 0.356968 0.697837 0.367392 0.693161 0.377816 0.697837 0.387529 0.711548 0.395870 0.733359 0.402271 0.761784 0.406294 0.794885
1 0.485107 0.815619 0.483779 0.854251 0.479885 0.890250 0.473691 0.921162 0.465618 0.944883 0.456217 0.959794 0.446128 0.964880 0.436039 0.959794 0.426638 0.944883 0.418565 0.921162 0.412371 0.890250 0.408477 0.854251 0.407148 0.815619 0.408477 0.776988 0.412371 0.740989 0.418565 0.710076 0.426638 0.686356 0.436039 0.671445 0.446128 0.666359 0.456217 0.671445 0.465618 0.686356 0.473691 0.710076 0.479885 0.740989 0.483779 0.776988
1 0.484330 0.369224 0.483055 0.404745 0.479316 0.437847 0.473369 0.466271 0.465618 0.488082 0.456591 0.501793 0.446905 0.506470 0.437219 0.501793 0.428192 0.488082 0.420441 0.466271 0.414493 0.437847 0.410755 0.404745 0.409479 0.369224 0.410755 0.333702 0.414493 0.300601 0.420441 0.272176 0.428192 0.250365 0.437219 0.236654 0.446905 0.231978 0.456591 0.236654 0.465618 0.250365 0.473369 0.272176 0.479316 0.300601 0.483055 0.333702
1 0.573427 0.321165 0.572054 0.355969 0.568031 0.388401 0.561630 0.416251 0.553289 0.437622 0.543576 0.451056 0.533152 0.455638 0.522728 0.451056 0.513015 0.437622 0.504674 0.416251 0.498273 0.388401 0.494250 0.355969 0.492877 0.321165 0.494250 0.286360 0.498273 0.253928 0.504674 0.226078 0.513015 0.204707 0.522728 0.191273 0.533152 0.186691 0.543576 0.191273 0.553289 0.204707 0.561630 0.226078 0.568031 0.253928 0.572054 0.286360
1 0.590521 0.612292 0.589148 0.646139 0.585125 0.677680 0.578724 0.704765 0.570383 0.725548 0.560670 0.738612 0.550246 0.743068 0.539822 0.738612 0.530109 0.725548 0.521768 0.704765 0.515367 0.677680 0.511344 0.646139 0.509972 0.612292 0.511344 0.578445 0.515367 0.546904 0.521768 0.519819 0.530109 0.499036 0.539822 0.485972 0.550246 0.481516 0.560670 0.485972 0.570383 0.499036 0.578724 0.519819 0.585125 0.546904 0.589148 0.578445
1 0.571355 0.839649 0.569973 0.872779 0.565924 0.903651 0.559483 0.930161 0.551088 0.950503 0.541312 0.963291 0.530821 0.967652 0.520330 0.963291 0.510554 0.950503 0.502159 0.930161 0.495718 0.903651 0.491669 0.872779 0.490287 0.839649 0.491669 0.806519 0.495718 0.775647 0.502159 0.749137 0.510554 0.728794 0.520330 0.716007 0.530821 0.711645 0.541312 0.716007 0.551088 0.728794 0.559483 0.749137 0.565924 0.775647 0.569973 0.806519
1 0.658379 0.290665 0.656821 0.322121 0.652254 0.351433 0.644989 0.376603 0.635522 0.395917 0.624497 0.408058 0.612665 0.412200 0.600834 0.408058 0.589808 0.395917 0.580341 0.376603 0.573076 0.351433 0.568509 0.322121 0.566952 0.290665 0.568509 0.259210 0.573076 0.229898 0.580341 0.204728 0.589808 0.185414 0.600834 0.173272 0.612665 0.169131 0.624497 0.173272 0.635522 0.185414 0.644989 0.204728 0.652254 0.229898 0.656821 0.259210
1 0.657084 0.555915 0.655711 0.588566 0.651688 0.618993 0.645288 0.645120 0.636946 0.665169 0.627233 0.677772 0.616809 0.682070 0.606385 0.677772 0.596672 0.665169 0.588331 0.645120 0.581930 0.618993 0.577907 0.588566 0.576535 0.555915 0.577907 0.523264 0.581930 0.492837 0.588331 0.466710 0.596672 0.446661 0.606385 0.434058 0.616809 0.429760 0.627233 0.434058 0.636946 0.446661 0.645288 0.466710 0.651688 0.492837 0.655711 0.523264
1 0.653458 0.855360 0.652085 0.890882 0.648062 0.923983 0.641662 0.952408 0.633320 0.974219 0.623607 0.987930 0.613183 0.992606 0.602759 0.987930 0.593046 0.974219 0.584705 0.952408 0.578304 0.923983 0.574281 0.890882 0.572909 0.855360 0.574281 0.819839 0.578304 0.786738 0.584705 0.758313 0.593046 0.736502 0.602759 0.722791 0.613183 0.718115 0.623607 0.722791 0.633320 0.736502 0.641662 0.758313 0.648062 0.786738 0.652085 0.819839
1 0.738928 0.260166 0.737555 0.291622 0.733532 0.320933 0.727132 0.346104 0.718790 0.365418 0.709077 0.377559 0.698653 0.381701 0.688229 0.377559 0.678516 0.365418 0.670175 0.346104 0.663774 0.320933 0.659751 0.291622 0.658379 0.260166 0.659751 0.228711 0.663774 0.199399 0.670175 0.174229 0.678516 0.154915 0.688229 0.142773 0.698653 0.138632 0.709077 0.142773 0.718790 0.154915 0.727132 0.174229 0.733532 0.199399 0.737555 0.228711
1 0.747734 0.556839 0.746361 0.588295 0.742338 0.617606 0.735938 0.642777 0.727596 0.662091 0.717883 0.674232 0.707459 0.678373 0.697035 0.674232 0.687322 0.662091 0.678981 0.642777 0.672580 0.617606 0.668557 0.588295 0.667185 0.556839 0.668557 0.525384 0.672580 0.496072 0.678981 0.470902 0.687322 0.451587 0.697035 0.439446 0.707459 0.435305 0.717883 0.439446 0.727596 0.451587 0.735938 0.470902 0.742338 0.496072 0.746361 0.525384
1 0.731935 0.859519 0.730562 0.895878 0.726539 0.929760 0.720139 0.958854 0.711797 0.981179 0.702084 0.995213 0.691660 1.000000 0.681236 0.995213 0.671523 0.981179 0.663182 0.958854 0.656781 0.929760 0.652758 0.895878 0.651386 0.859519 0.652758 0.823160 0.656781 0.789279 0.663182 0.760185 0.671523 0.737860 0.681236 0.723826 0.691660 0.719039 0.702084 0.723826 0.711797 0.737860 0.720139 0.760185 0.726539 0.789279 0.730562 0.823160
1 0.822585 0.248152 0.821212 0.279607 0.817189 0.308919 0.810789 0.334089 0.802448 0.353403 0.792734 0.365545 0.782310 0.369686 0.771886 0.365545 0.762173 0.353403 0.753832 0.334089 0.747432 0.308919 0.743408 0.279607 0.742036 0.248152 0.743408 0.216696 0.747432 0.187384 0.753832 0.162214 0.762173 0.142900 0.771886 0.130759 0.782310 0.126617 0.792734 0.130759 0.802448 0.142900 0.810789 0.162214 0.817189 0.187384 0.821212 0.216696
1 0.829578 0.554991 0.828206 0.586446 0.824182 0.615758 0.817782 0.640928 0.809441 0.660242 0.799727 0.672384 0.789303 0.676525 0.778879 0.672384 0.769166 0.660242 0.760825 0.640928 0.754425 0.615758 0.750401 0.586446 0.749029 0.554991 0.750401 0.523535 0.754425 0.494224 0.760825 0.469053 0.769166 0.449739 0.778879 0.437598 0.789303 0.433457 0.799727 0.437598 0.809441 0.449739 0.817782 0.469053 0.824182 0.494224 0.828206 0.523535
1 0.823103 0.840573 0.821633 0.879205 0.817325 0.915203 0.810472 0.946116 0.801541 0.969837 0.791140 0.984748 0.779979 0.989834 0.768818 0.984748 0.758418 0.969837 0.749486 0.946116 0.742633 0.915203 0.738325 0.879205 0.736856 0.840573 0.738325 0.801942 0.742633 0.765943 0.749486 0.735030 0.758418 0.711310 0.768818 0.696398 0.779979 0.691312 0.791140 0.696398 0.801541 0.711310 0.810472 0.735030 0.817325 0.765943 0.821633 0.801942
1 0.894069 0.115065 0.892697 0.144846 0.888673 0.172597 0.882273 0.196428 0.873932 0.214714 0.864218 0.226209 0.853794 0.230129 0.843371 0.226209 0.833657 0.214714 0.825316 0.196428 0.818916 0.172597 0.814892 0.144846 0.813520 0.115065 0.814892 0.085284 0.818916 0.057532 0.825316 0.033702 0.833657 0.015416 0.843371 0.003921 0.853794 0.000000 0.864218 0.003921 0.873932 0.015416 0.882273 0.033702 0.888673 0.057532 0.892697 0.085284
1 0.982129 0.268484 0.980642 0.309986 0.976282 0.348660 0.969347 0.381870 0.960308 0.407353 0.949783 0.423372 0.938487 0.428835 0.927192 0.423372 0.916667 0.407353 0.907628 0.381870 0.900693 0.348660 0.896333 0.309986 0.894846 0.268484 0.896333 0.226982 0.900693 0.188309 0.907628 0.155099 0.916667 0.129616 0.927192 0.113597 0.938487 0.108133 0.949783 0.113597 0.960308 0.129616 0.969347 0.155099 0.976282 0.188309 0.980642 0.226982
1 0.926962 0.544824 0.925475 0.582021 0.921115 0.616682 0.914180 0.646446 0.905141 0.669286 0.894616 0.683643 0.883320 0.688540 0.872025 0.683643 0.861500 0.669286 0.852461 0.646446 0.845526 0.616682 0.841166 0.582021 0.839679 0.544824 0.841166 0.507628 0.845526 0.472967 0.852461 0.443202 0.861500 0.420363 0.872025 0.406006 0.883320 0.401109 0.894616 0.406006 0.905141 0.420363 0.914180 0.443202 0.921115 0.472967 0.925475 0.507628
1 0.917638 0.843346 0.916133 0.877671 0.911722 0.909658 0.904704 0.937126 0.895558 0.958202 0.884908 0.971451 0.873478 0.975970 0.862049 0.971451 0.851399 0.958202 0.842253 0.937126 0.835235 0.909658 0.830824 0.877671 0.829319 0.843346 0.830824 0.809020 0.835235 0.777033 0.842253 0.749566 0.851399 0.728489 0.862049 0.715240 0.873478 0.710721 0.884908 0.715240 0.895558 0.728489 0.904704 0.749566 0.911722 0.777033 0.916133 0.809020
0 0.047760 0.496488 0.019865 0.548799 0.007822 0.628835 0.028982 0.751756 0.060917 0.737061 0.080575 0.641128 0.078373 0.554991
0 0.064439 0.759612 0.032168 0.767837 0.020047 0.869778 0.047216 0.951571 0.069464 0.926155 0.075576 0.877819 0.075965 0.788909
0 0.111940 0.627264 0.104947 0.531054 0.133282 0.556285 0.136131 0.613309 0.130795 0.631516 0.122119 0.635860
0 0.114116 0.732810 0.084797 0.774861 0.081844 0.853327 0.093965 0.965619 0.121575 0.996765 0.148925 0.866821 0.144185 0.728835
0 0.245506 0.399261 0.204118 0.316821 0.157291 0.393068 0.148122 0.566636 0.165268 0.619224 0.219762 0.636691 0.251282 0.512662
0 0.234343 0.785767 0.225045 0.674954 0.173504 0.642237 0.149495 0.797227 0.159881 0.874492 0.210982 0.947874
0 0.279280 0.786876 0.267988 0.804898 0.262160 0.864233 0.268894 0.927634 0.296348 0.897043 0.294069 0.824677
0 0.319088 0.325508 0.271950 0.335490 0.255804 0.511941 0.265491 0.577190 0.309195 0.660166 0.351593 0.549815 0.338228 0.370333
0 0.397695 0.435120 0.377596 0.504344 0.361357 0.606100 0.372365 0.680222 0.403315 0.719593 0.423336 0.712384 0.433152 0.650277 0.433851 0.509427
0 0.376483 0.713678 0.353069 0.721165 0.335820 0.795194 0.331417 0.881516 0.352448 0.965896 0.386325 0.980499 0.406268 0.895564 0.408081 0.792976
0 0.392955 0.759057 0.407330 0.937153 0.462549 0.959519 0.488992 0.915619 0.503445 0.715342 0.458715 0.540665 0.398912 0.678928
0 0.401243 0.322458 0.410334 0.445287 0.428542 0.501479 0.459259 0.503512 0.475214 0.425508 0.478529 0.331516 0.444885 0.185028
0 0.587568 0.190481 0.506268 0.137431 0.484201 0.344455 0.527117 0.500000 0.577648 0.450277
0 0.578632 0.436784 0.564724 0.417098 0.529707 0.424769 0.502538 0.481516 0.491841 0.652588 0.499508 0.711645 0.562212 0.832717 0.610205 0.619501
0 0.522404 0.739187 0.538228 0.767006 0.552758 0.819316 0.542113 0.884381 0.521886 0.933826 0.502409 0.860259 0.510101 0.760628
0 0.633307 0.253235 0.619062 0.408780 0.586221 0.393993 0.581818 0.317930 0.582466 0.213401 0.614530 0.215434
0 0.635069 0.411275 0.657731 0.551201 0.653380 0.604251 0.629940 0.659797 0.607097 0.644732 0.596581 0.606932 0.596141 0.484196
0 0.628309 0.761275 0.640818 0.870610 0.635354 0.931701 0.615670 0.969871 0.588345 0.927172 0.587594 0.837523 0.606915 0.773475
0 0.704843 0.097135 0.743486 0.157579 0.752396 0.301201 0.730070 0.411275 0.706838 0.428420 0.678037 0.419963 0.659156 0.370702 0.661538 0.157486
0 0.705076 0.418207 0.719710 0.419778 0.731857 0.505545 0.728879 0.572643 0.708029 0.650462 0.687102 0.646211 0.673996 0.545749
0 0.673789 0.799538 0.691246 0.786969 0.710774 0.867560 0.686765 0.939926 0.660554 0.904806
0 0.748744 0.087246 0.792800 0.046118 0.812743 0.076987 0.856410 0.254251 0.850246 0.279575 0.797229 0.395656 0.737374 0.301109
0 0.804092 0.397689 0.832064 0.458872 0.791220 0.619409 0.770008 0.521627 0.772494 0.425323
0 0.775291 0.715434 0.753743 0.743346 0.737141 0.926802 0.787672 0.999908 0.819218 0.948614 0.822766 0.841497 0.806138 0.767375
0 0.918026 0.084288 0.951256 0.061553 0.971329 0.084104 0.999767 0.204251 0.993654 0.318762 0.965708 0.409704 0.933489 0.436044 0.904532 0.364233 0.894898 0.264787 0.902797 0.172274
0 0.907874 0.385582 0.943719 0.507116 0.934732 0.662200 0.874255 0.761275 0.851075 0.700092 0.833282 0.499168 0.857835 0.386414
0 0.866071 0.762107 0.888708 0.832810 0.896555 0.910536 0.849469 0.908965 0.840249 0.864880 0.842321 0.787800
0 0.842191 0.006562 0.879720 0.034566 0.892670 0.107116 0.891505 0.177634 0.840818 0.235305 0.820746 0.117930
