1 0.076371 0.633685 0.075070 0.660887 0.071255 0.686236 0.065187 0.708003 0.057278 0.724705 0.048069 0.735205 0.038186 0.738786 0.028302 0.735205 0.019093 0.724705 0.011184 0.708003 0.005116 0.686236 0.001301 0.660887 0.000000 0.633685 0.001301 0.606483 0.005116 0.581135 0.011184 0.559367 0.019093 0.542665 0.028302 0.532165 0.038186 0.528584 0.048069 0.532165 0.057278 0.542665 0.065187 0.559367 0.071255 0.581135 0.075070 0.606483
1 0.073808 0.873351 0.072616 0.906130 0.069122 0.936675 0.063562 0.962905 0.056317 0.983032 0.047880 0.995685 0.038826 1.000000 0.029772 0.995685 0.021335 0.983032 0.014090 0.962905 0.008531 0.936675 0.005036 0.906130 0.003844 0.873351 0.005036 0.840572 0.008531 0.810026 0.014090 0.783796 0.021335 0.763670 0.029772 0.751017 0.038826 0.746702 0.047880 0.751017 0.056317 0.763670 0.063562 0.783796 0.069122 0.810026 0.072616 0.840572
1 0.148642 0.860598 0.147380 0.893036 0.143680 0.923263 0.137795 0.949220 0.130126 0.969137 0.121194 0.981657 0.111609 0.985928 0.102025 0.981657 0.093093 0.969137 0.085424 0.949220 0.079539 0.923263 0.075839 0.893036 0.074577 0.860598 0.075839 0.828160 0.079539 0.797933 0.085424 0.771977 0.093093 0.752059 0.102025 0.739539 0.111609 0.735268 0.121194 0.739539 0.130126 0.752059 0.137795 0.771977 0.143680 0.797933 0.147380 0.828160
1 0.236033 0.518470 0.234753 0.554094 0.231003 0.587291 0.225036 0.615798 0.217260 0.637672 0.208205 0.651423 0.198488 0.656113 0.188771 0.651423 0.179716 0.637672 0.171940 0.615798 0.165973 0.587291 0.162222 0.554094 0.160943 0.518470 0.162222 0.482845 0.165973 0.449648 0.171940 0.421141 0.179716 0.399267 0.188771 0.385517 0.198488 0.380827 0.208205 0.385517 0.217260 0.399267 0.225036 0.421141 0.231003 0.449648 0.234753 0.482845
1 0.222963 0.794635 0.221762 0.828894 0.218242 0.860818 0.212642 0.888232 0.205343 0.909267 0.196845 0.922491 0.187724 0.927001 0.178604 0.922491 0.170105 0.909267 0.162807 0.888232 0.157207 0.860818 0.153687 0.828894 0.152486 0.794635 0.153687 0.760376 0.157207 0.728452 0.162807 0.701038 0.170105 0.680003 0.178604 0.666779 0.187724 0.662269 0.196845 0.666779 0.205343 0.680003 0.212642 0.701038 0.218242 0.728452 0.221762 0.760376
1 0.300871 0.854442 0.299706 0.888473 0.296288 0.920185 0.290851 0.947416 0.283765 0.968312 0.275513 0.981448 0.266658 0.985928 0.257803 0.981448 0.249552 0.968312 0.242466 0.947416 0.237029 0.920185 0.233611 0.888473 0.232445 0.854442 0.233611 0.820410 0.237029 0.788698 0.242466 0.761467 0.249552 0.740571 0.257803 0.727435 0.266658 0.722955 0.275513 0.727435 0.283765 0.740571 0.290851 0.761467 0.296288 0.788698 0.299706 0.820410
1 0.347258 0.504398 0.345996 0.538201 0.342296 0.569701 0.336411 0.596751 0.328742 0.617506 0.319810 0.630554 0.310226 0.635004 0.300641 0.630554 0.291709 0.617506 0.284040 0.596751 0.278155 0.569701 0.274455 0.538201 0.273193 0.504398 0.274455 0.470594 0.278155 0.439094 0.284040 0.412045 0.291709 0.391289 0.300641 0.378241 0.310226 0.373791 0.319810 0.378241 0.328742 0.391289 0.336411 0.412045 0.342296 0.439094 0.345996 0.470594
1 0.440543 0.592348 0.439185 0.624786 0.435204 0.655013 0.428871 0.680970 0.420618 0.700887 0.411006 0.713408 0.400692 0.717678 0.390378 0.713408 0.380766 0.700887 0.372513 0.680970 0.366180 0.655013 0.362198 0.624786 0.360841 0.592348 0.362198 0.559911 0.366180 0.529683 0.372513 0.503727 0.380766 0.483809 0.390378 0.471289 0.400692 0.467018 0.411006 0.471289 0.420618 0.483809 0.428871 0.503727 0.435204 0.529683 0.439185 0.559911
1 0.406971 0.848285 0.405613 0.882089 0.401632 0.913588 0.395299 0.940638 0.387045 0.961394 0.377434 0.974441 0.367119 0.978892 0.356805 0.974441 0.347194 0.961394 0.338940 0.940638 0.332607 0.913588 0.328626 0.882089 0.327268 0.848285 0.328626 0.814481 0.332607 0.782982 0.338940 0.755932 0.347194 0.735176 0.356805 0.722128 0.367119 0.717678 0.377434 0.722128 0.387045 0.735176 0.395299 0.755932 0.401632 0.782982 0.405613 0.814481
1 0.484111 0.814864 0.482796 0.851626 0.478943 0.885884 0.472814 0.915301 0.464826 0.937874 0.455523 0.952064 0.445541 0.956904 0.435558 0.952064 0.426256 0.937874 0.418268 0.915301 0.412138 0.885884 0.408285 0.851626 0.406971 0.814864 0.408285 0.778101 0.412138 0.743843 0.418268 0.714426 0.426256 0.691853 0.435558 0.677663 0.445541 0.672823 0.455523 0.677663 0.464826 0.691853 0.472814 0.714426 0.478943 0.743843 0.482796 0.778101
1 0.481548 0.378628 0.480286 0.412432 0.476587 0.443931 0.470701 0.470981 0.463032 0.491737 0.454100 0.504785 0.444516 0.509235 0.434931 0.504785 0.425999 0.491737 0.418330 0.470981 0.412445 0.443931 0.408745 0.412432 0.407483 0.378628 0.408745 0.344824 0.412445 0.313325 0.418330 0.286275 0.425999 0.265519 0.434931 0.252471 0.444516 0.248021 0.454100 0.252471 0.463032 0.265519 0.470701 0.286275 0.476587 0.313325 0.480286 0.344824
1 0.574321 0.324099 0.572963 0.357219 0.568982 0.388083 0.562649 0.414586 0.554395 0.434922 0.544784 0.447706 0.534470 0.452067 0.524155 0.447706 0.514544 0.434922 0.506290 0.414586 0.499957 0.388083 0.495976 0.357219 0.494618 0.324099 0.495976 0.290978 0.499957 0.260114 0.506290 0.233611 0.514544 0.213275 0.524155 0.200491 0.534470 0.196130 0.544784 0.200491 0.554395 0.213275 0.562649 0.233611 0.568982 0.260114 0.572963 0.290978
1 0.587904 0.607300 0.586546 0.639510 0.582565 0.669525 0.576231 0.695300 0.567978 0.715077 0.558367 0.727510 0.548052 0.731750 0.537738 0.727510 0.528127 0.715077 0.519873 0.695300 0.513540 0.669525 0.509559 0.639510 0.508201 0.607300 0.509559 0.575090 0.513540 0.545075 0.519873 0.519300 0.528127 0.499523 0.537738 0.487090 0.548052 0.482850 0.558367 0.487090 0.567978 0.499523 0.576231 0.519300 0.582565 0.545075 0.586546 0.575090
1 0.570220 0.841249 0.568854 0.872776 0.564847 0.902155 0.558473 0.927383 0.550167 0.946741 0.540493 0.958910 0.530113 0.963061 0.519732 0.958910 0.510059 0.946741 0.501752 0.927383 0.495379 0.902155 0.491372 0.872776 0.490005 0.841249 0.491372 0.809722 0.495379 0.780343 0.501752 0.755115 0.510059 0.735757 0.519732 0.723588 0.530113 0.719437 0.540493 0.723588 0.550167 0.735757 0.558473 0.755115 0.564847 0.780343 0.568854 0.809722
1 0.656843 0.310906 0.655301 0.340840 0.650783 0.368734 0.643594 0.392686 0.634226 0.411066 0.623317 0.422620 0.611609 0.426561 0.599902 0.422620 0.588993 0.411066 0.579625 0.392686 0.572436 0.368734 0.567918 0.340840 0.566376 0.310906 0.567918 0.280972 0.572436 0.253078 0.579625 0.229125 0.588993 0.210746 0.599902 0.199192 0.611609 0.195251 0.623317 0.199192 0.634226 0.210746 0.643594 0.229125 0.650783 0.253078 0.655301 0.280972
1 0.659405 0.559807 0.658048 0.590878 0.654066 0.619833 0.647733 0.644697 0.639480 0.663775 0.629868 0.675769 0.619554 0.679859 0.609240 0.675769 0.599628 0.663775 0.591375 0.644697 0.585042 0.619833 0.581061 0.590878 0.579703 0.559807 0.581061 0.528735 0.585042 0.499780 0.591375 0.474916 0.599628 0.455838 0.609240 0.443844 0.619554 0.439754 0.629868 0.443844 0.639480 0.455838 0.647733 0.474916 0.654066 0.499780 0.658048 0.528735
1 0.657355 0.832454 0.655997 0.866257 0.652016 0.897757 0.645683 0.924807 0.637430 0.945563 0.627818 0.958610 0.617504 0.963061 0.607190 0.958610 0.597578 0.945563 0.589325 0.924807 0.582992 0.897757 0.579010 0.866257 0.577652 0.832454 0.579010 0.798650 0.582992 0.767150 0.589325 0.740101 0.597578 0.719345 0.607190 0.706297 0.617504 0.701847 0.627818 0.706297 0.637430 0.719345 0.645683 0.740101 0.652016 0.767150 0.655997 0.798650
1 0.739877 0.279244 0.738519 0.309177 0.734538 0.337071 0.728205 0.361024 0.719951 0.379404 0.710340 0.390958 0.700026 0.394899 0.689711 0.390958 0.680100 0.379404 0.671846 0.361024 0.665513 0.337071 0.661532 0.309177 0.660174 0.279244 0.661532 0.249310 0.665513 0.221416 0.671846 0.197463 0.680100 0.179083 0.689711 0.167529 0.700026 0.163588 0.710340 0.167529 0.719951 0.179083 0.728205 0.197463 0.734538 0.221416 0.738519 0.249310
1 0.746028 0.547493 0.744670 0.577427 0.740689 0.605321 0.734355 0.629274 0.726102 0.647654 0.716491 0.659208 0.706176 0.663149 0.695862 0.659208 0.686251 0.647654 0.677997 0.629274 0.671664 0.605321 0.667683 0.577427 0.666325 0.547493 0.667683 0.517560 0.671664 0.489666 0.677997 0.465713 0.686251 0.447333 0.695862 0.435779 0.706176 0.431838 0.716491 0.435779 0.726102 0.447333 0.734355 0.465713 0.740689 0.489666 0.744670 0.517560
1 0.736802 0.849164 0.735444 0.885472 0.731463 0.919305 0.725129 0.948358 0.716876 0.970652 0.707265 0.984666 0.696950 0.989446 0.686636 0.984666 0.677025 0.970652 0.668771 0.948358 0.662438 0.919305 0.658457 0.885472 0.657099 0.849164 0.658457 0.812857 0.662438 0.779024 0.668771 0.749971 0.677025 0.727677 0.686636 0.713663 0.696950 0.708883 0.707265 0.713663 0.716876 0.727677 0.725129 0.749971 0.731463 0.779024 0.735444 0.812857
1 0.824193 0.250220 0.822835 0.280154 0.818854 0.308047 0.812521 0.332000 0.804267 0.350380 0.794656 0.361934 0.784341 0.365875 0.774027 0.361934 0.764416 0.350380 0.756162 0.332000 0.749829 0.308047 0.745848 0.280154 0.744490 0.250220 0.745848 0.220286 0.749829 0.192392 0.756162 0.168439 0.764416 0.150060 0.774027 0.138506 0.784341 0.134565 0.794656 0.138506 0.804267 0.150060 0.812521 0.168439 0.818854 0.192392 0.822835 0.220286
1 0.832906 0.541337 0.831548 0.571271 0.827567 0.599164 0.821234 0.623117 0.812981 0.641497 0.803369 0.653051 0.793055 0.656992 0.782741 0.653051 0.773129 0.641497 0.764876 0.623117 0.758543 0.599164 0.754561 0.571271 0.753203 0.541337 0.754561 0.511403 0.758543 0.483509 0.764876 0.459556 0.773129 0.441176 0.782741 0.429622 0.793055 0.425682 0.803369 0.429622 0.812981 0.441176 0.821234 0.459556 0.827567 0.483509 0.831548 0.511403
1 0.829318 0.835092 0.827864 0.871855 0.823602 0.906113 0.816820 0.935530 0.807983 0.958103 0.797692 0.972293 0.786648 0.977133 0.775604 0.972293 0.765313 0.958103 0.756475 0.935530 0.749694 0.906113 0.745431 0.871855 0.743977 0.835092 0.745431 0.798330 0.749694 0.764072 0.756475 0.734655 0.765313 0.712082 0.775604 0.697892 0.786648 0.693052 0.797692 0.697892 0.807983 0.712082 0.816820 0.734655 0.823602 0.764072 0.827864 0.798330
1 0.896463 0.121812 0.895105 0.151746 0.891124 0.179639 0.884791 0.203592 0.876538 0.221972 0.866926 0.233526 0.856612 0.237467 0.846298 0.233526 0.836686 0.221972 0.828433 0.203592 0.822100 0.179639 0.818119 0.151746 0.816761 0.121812 0.818119 0.091878 0.822100 0.063984 0.828433 0.040031 0.836686 0.021651 0.846298 0.010097 0.856612 0.006157 0.866926 0.010097 0.876538 0.021651 0.884791 0.040031 0.891124 0.063984 0.895105 0.091878
1 0.986930 0.264292 0.985458 0.303786 0.981144 0.340589 0.974282 0.372193 0.965338 0.396443 0.954923 0.411687 0.943747 0.416887 0.932570 0.411687 0.922155 0.396443 0.913212 0.372193 0.906349 0.340589 0.902035 0.303786 0.900564 0.264292 0.902035 0.224798 0.906349 0.187995 0.913212 0.156391 0.922155 0.132141 0.932570 0.116897 0.943747 0.111697 0.954923 0.116897 0.965338 0.132141 0.974282 0.156391 0.981144 0.187995 0.985458 0.224798
1 0.931061 0.540457 0.929590 0.575854 0.925276 0.608839 0.918413 0.637164 0.909470 0.658898 0.899055 0.672561 0.887878 0.677221 0.876701 0.672561 0.866287 0.658898 0.857343 0.637164 0.850480 0.608839 0.846166 0.575854 0.844695 0.540457 0.846166 0.505060 0.850480 0.472076 0.857343 0.443751 0.866287 0.422017 0.876701 0.408354 0.887878 0.403694 0.899055 0.408354 0.909470 0.422017 0.918413 0.443751 0.925276 0.472076 0.929590 0.505060
1 0.924141 0.836851 0.922653 0.869517 0.918287 0.899956 0.911343 0.926095 0.902294 0.946152 0.891755 0.958760 0.880446 0.963061 0.869137 0.958760 0.858598 0.946152 0.849549 0.926095 0.842604 0.899956 0.838239 0.869517 0.836750 0.836851 0.838239 0.804186 0.842604 0.773747 0.849549 0.747608 0.858598 0.727551 0.869137 0.714943 0.880446 0.710642 0.891755 0.714943 0.902294 0.727551 0.911343 0.747608 0.918287 0.773747 0.922653 0.804186
0 0.055382 0.537291 0.038288 0.515128 0.008252 0.564908 0.002204 0.708091 0.010533 0.755673 0.048693 0.753562 0.069195 0.672911 0.072194 0.601671
0 0.052819 0.778980 0.023860 0.779771 0.012840 0.836236 0.009815 0.896482 0.044131 0.971328 0.059226 0.929376 0.065812 0.885136 0.065659 0.810642
0 0.100666 0.745734 0.074423 0.788918 0.069657 0.877924 0.086033 0.991117 0.114505 1.000000 0.136494 0.923307 0.141517 0.768953
0 0.251486 0.384521 0.178960 0.340018 0.147617 0.430079 0.147642 0.613632 0.156304 0.655409 0.188006 0.698593 0.233931 0.643008
0 0.220784 0.719173 0.178729 0.655761 0.139544 0.751627 0.148847 0.902287 0.194029 0.951187 0.223552 0.885400
0 0.274757 0.789270 0.261968 0.811873 0.257611 0.871064 0.263788 0.931486 0.280856 0.926649 0.294823 0.902990 0.291389 0.820405
0 0.317940 0.339930 0.282081 0.329551 0.244106 0.509147 0.262481 0.615831 0.305946 0.673527 0.348309 0.575989 0.339467 0.377836
0 0.404895 0.453122 0.378626 0.479947 0.360764 0.550044 0.359252 0.646614 0.388698 0.723835 0.423885 0.719085 0.433009 0.656552 0.441671 0.536236
0 0.339749 0.806069 0.338160 0.890677 0.343337 0.947318 0.376474 0.987247 0.402998 0.927704 0.406996 0.806772 0.368298 0.719701
0 0.386750 0.687511 0.406791 0.940018 0.430958 0.970009 0.463993 0.960950 0.491287 0.921988 0.507330 0.700967 0.449821 0.565611
0 0.407919 0.283817 0.399616 0.413544 0.431343 0.518734 0.462788 0.501143 0.474552 0.436675 0.477832 0.337467 0.446335 0.203782
0 0.585008 0.197010 0.504331 0.167194 0.480523 0.369569 0.528191 0.518997 0.587186 0.473087
0 0.601128 0.537731 0.575372 0.438083 0.529933 0.432366 0.495848 0.505541 0.493388 0.662269 0.502127 0.719261 0.547745 0.847230 0.612788 0.699912
0 0.523116 0.731574 0.540979 0.768338 0.558150 0.819437 0.551615 0.864204 0.522604 0.922955 0.503921 0.859103 0.509944 0.756728
0 0.633496 0.267106 0.636033 0.329639 0.617350 0.419173 0.584726 0.400880 0.580984 0.230167 0.610789 0.230255
0 0.623603 0.430431 0.654024 0.503254 0.660302 0.562005 0.640928 0.667722 0.608124 0.645119 0.598309 0.593316 0.597078 0.490237
0 0.642901 0.798505 0.642081 0.913544 0.622886 0.957960 0.604408 0.948989 0.590569 0.887159 0.592619 0.808004 0.619323 0.752507
0 0.705407 0.097186 0.748309 0.176341 0.756330 0.325770 0.729908 0.441513 0.679780 0.436588 0.658150 0.375814 0.663045 0.156113
0 0.713198 0.422076 0.724398 0.426121 0.736417 0.550220 0.724218 0.626913 0.713275 0.648197 0.674654 0.560686 0.686622 0.465523
0 0.662532 0.854090 0.684880 0.763237 0.710174 0.803078 0.715223 0.878540 0.687801 0.956288
0 0.732547 0.206772 0.745618 0.106596 0.774141 0.057432 0.829600 0.114952 0.862353 0.247757 0.801743 0.394459 0.739800 0.313369
0 0.795413 0.387159 0.830497 0.446174 0.822681 0.583026 0.777627 0.630431 0.763916 0.429376
0 0.774782 0.696658 0.749513 0.773263 0.746976 0.927968 0.805049 1.000000 0.830958 0.870185 0.827755 0.789710 0.802281 0.723131
0 0.926730 0.074582 0.963198 0.069833 0.992927 0.152243 1.000000 0.209763 0.997386 0.337643 0.968093 0.417062 0.936007 0.432014 0.931317 0.375198 0.917581 0.395866 0.901563 0.331750 0.898539 0.180827
0 0.910251 0.380563 0.940876 0.459455 0.952204 0.543624 0.933111 0.687687 0.869759 0.741513 0.831266 0.542040 0.859534 0.390853
0 0.873988 0.756992 0.895182 0.821196 0.901922 0.863412 0.892030 0.896218 0.849616 0.903958 0.849590 0.776869
0 0.817965 0.122955 0.844387 0.018646 0.882599 0.045646 0.894387 0.176165 0.860661 0.244943 0.841133 0.237203
