1 0.119620 0.294508 0.117612 0.323837 0.111726 0.351168 0.102363 0.374637 0.090160 0.392646 0.075950 0.403967 0.060701 0.407828 0.045451 0.403967 0.031241 0.392646 0.019038 0.374637 0.009675 0.351168 0.003789 0.323837 0.001781 0.294508 0.003789 0.265178 0.009675 0.237847 0.019038 0.214378 0.031241 0.196369 0.045451 0.185048 0.060700 0.181187 0.075950 0.185048 0.090160 0.196369 0.102363 0.214378 0.111726 0.237847 0.117612 0.265178
1 0.120511 0.557765 0.118918 0.589872 0.114247 0.619792 0.106818 0.645484 0.097136 0.665198 0.085860 0.677591 0.073761 0.681818 0.061661 0.677591 0.050386 0.665198 0.040704 0.645484 0.033274 0.619792 0.028604 0.589872 0.027011 0.557765 0.028604 0.525658 0.033274 0.495739 0.040704 0.470046 0.050386 0.450332 0.061661 0.437939 0.073761 0.433712 0.085860 0.437939 0.097136 0.450332 0.106818 0.470046 0.114247 0.495739 0.118918 0.525658
1 0.119620 0.829861 0.118027 0.861968 0.113357 0.891888 0.105927 0.917580 0.096245 0.937294 0.084970 0.949687 0.072870 0.953914 0.060771 0.949687 0.049495 0.937294 0.039813 0.917580 0.032384 0.891888 0.027713 0.861968 0.026121 0.829861 0.027713 0.797754 0.032384 0.767835 0.039813 0.742142 0.049495 0.722428 0.060771 0.710035 0.072870 0.705808 0.084970 0.710035 0.096245 0.722428 0.105927 0.742142 0.113357 0.767835 0.118027 0.797754
1 0.250816 0.807134 0.248728 0.843163 0.242604 0.876736 0.232864 0.905566 0.220169 0.927689 0.205386 0.941595 0.189522 0.946338 0.173658 0.941595 0.158875 0.927689 0.146181 0.905566 0.136440 0.876736 0.130317 0.843163 0.128228 0.807134 0.130317 0.771105 0.136440 0.737532 0.146181 0.708701 0.158875 0.686579 0.173658 0.672673 0.189522 0.667929 0.205386 0.672673 0.220169 0.686579 0.232864 0.708701 0.242604 0.737532 0.248728 0.771105
1 0.237756 0.522412 0.235961 0.554846 0.230697 0.585069 0.222325 0.611023 0.211413 0.630938 0.198706 0.643457 0.185070 0.647727 0.171434 0.643457 0.158727 0.630938 0.147815 0.611023 0.139442 0.585069 0.134179 0.554846 0.132383 0.522412 0.134179 0.489978 0.139442 0.459754 0.147815 0.433800 0.158727 0.413885 0.171434 0.401366 0.185070 0.397096 0.198706 0.401366 0.211413 0.413885 0.222325 0.433800 0.230697 0.459754 0.235961 0.489978
1 0.229148 0.243371 0.227363 0.278746 0.222129 0.311711 0.213804 0.340018 0.202953 0.361739 0.190318 0.375393 0.176759 0.380050 0.163199 0.375393 0.150564 0.361739 0.139714 0.340018 0.131388 0.311711 0.126154 0.278746 0.124369 0.243371 0.126154 0.207996 0.131388 0.175032 0.139714 0.146724 0.150564 0.125003 0.163199 0.111349 0.176759 0.106692 0.190318 0.111349 0.202953 0.125003 0.213804 0.146724 0.222129 0.175032 0.227363 0.207996
1 0.336005 0.120896 0.334068 0.149082 0.328389 0.175347 0.319356 0.197901 0.307584 0.215208 0.293875 0.226087 0.279163 0.229798 0.264451 0.226087 0.250742 0.215208 0.238970 0.197901 0.229937 0.175347 0.224258 0.149082 0.222321 0.120896 0.224258 0.092711 0.229937 0.066446 0.238970 0.043891 0.250742 0.026585 0.264451 0.015706 0.279163 0.011995 0.293875 0.015706 0.307584 0.026585 0.319356 0.043891 0.328389 0.066446 0.334068 0.092711
1 0.346987 0.375316 0.344808 0.412815 0.338417 0.447759 0.328252 0.477766 0.315004 0.500791 0.299577 0.515265 0.283022 0.520202 0.266466 0.515265 0.251039 0.500791 0.237791 0.477766 0.227626 0.447759 0.221236 0.412815 0.219056 0.375316 0.221236 0.337816 0.227626 0.302872 0.237791 0.272866 0.251039 0.249840 0.266466 0.235366 0.283022 0.230429 0.299577 0.235366 0.315004 0.249840 0.328252 0.272866 0.338417 0.302872 0.344808 0.337816
1 0.375186 0.708649 0.373269 0.749580 0.367650 0.787721 0.358711 0.820474 0.347061 0.845606 0.333495 0.861404 0.318937 0.866793 0.304379 0.861404 0.290813 0.845606 0.279164 0.820474 0.270225 0.787721 0.264606 0.749580 0.262689 0.708649 0.264606 0.667718 0.270225 0.629577 0.279164 0.596824 0.290813 0.571692 0.304379 0.555894 0.318937 0.550505 0.333495 0.555894 0.347061 0.571692 0.358711 0.596824 0.367650 0.629577 0.373269 0.667718
1 0.460077 0.204861 0.457877 0.240727 0.451428 0.274148 0.441168 0.302847 0.427798 0.324869 0.412227 0.338713 0.395518 0.343434 0.378809 0.338713 0.363238 0.324869 0.349868 0.302847 0.339608 0.274148 0.333159 0.240727 0.330959 0.204861 0.333159 0.168996 0.339608 0.135574 0.349868 0.106875 0.363238 0.084853 0.378809 0.071010 0.395518 0.066288 0.412227 0.071010 0.427798 0.084853 0.441168 0.106875 0.451428 0.135574 0.457877 0.168996
1 0.484714 0.504104 0.482463 0.536211 0.475865 0.566130 0.465370 0.591822 0.451692 0.611537 0.435764 0.623930 0.418670 0.628157 0.401577 0.623930 0.385649 0.611537 0.371971 0.591822 0.361475 0.566130 0.354877 0.536211 0.352627 0.504104 0.354877 0.471996 0.361475 0.442077 0.371971 0.416385 0.385649 0.396670 0.401577 0.384278 0.418670 0.380051 0.435764 0.384278 0.451692 0.396670 0.465370 0.416385 0.475865 0.442077 0.482463 0.471996
1 0.487979 0.791982 0.486173 0.829155 0.480880 0.863794 0.472460 0.893540 0.461487 0.916364 0.448709 0.930712 0.434996 0.935606 0.421283 0.930712 0.408504 0.916364 0.397531 0.893540 0.389111 0.863794 0.383818 0.829155 0.382012 0.791982 0.383818 0.754810 0.389111 0.720170 0.397531 0.690425 0.408504 0.667601 0.421283 0.653252 0.434996 0.648359 0.448709 0.653252 0.461487 0.667601 0.472460 0.690425 0.480880 0.720170 0.486173 0.754810
1 0.593648 0.234533 0.591337 0.268111 0.584561 0.299400 0.573783 0.326269 0.559736 0.346887 0.543378 0.359847 0.525824 0.364268 0.508269 0.359847 0.491912 0.346887 0.477865 0.326269 0.467086 0.299400 0.460310 0.268111 0.457999 0.234533 0.460310 0.200955 0.467086 0.169665 0.477865 0.142796 0.491912 0.122179 0.508269 0.109219 0.525824 0.104798 0.543378 0.109219 0.559736 0.122179 0.573783 0.142796 0.584561 0.169665 0.591337 0.200955
1 0.612348 0.492109 0.610360 0.530915 0.604534 0.567077 0.595265 0.598130 0.583185 0.621958 0.569118 0.636936 0.554022 0.642045 0.538926 0.636936 0.524859 0.621958 0.512779 0.598130 0.503510 0.567077 0.497683 0.530915 0.495696 0.492109 0.497683 0.453302 0.503510 0.417140 0.512779 0.386087 0.524859 0.362259 0.538926 0.347281 0.554022 0.342172 0.569118 0.347281 0.583185 0.362259 0.595265 0.386087 0.604534 0.417140 0.610360 0.453302
1 0.728406 0.254104 0.726206 0.292420 0.719757 0.328125 0.709497 0.358786 0.696126 0.382312 0.680556 0.397102 0.663847 0.402146 0.647138 0.397102 0.631567 0.382312 0.618197 0.358786 0.607937 0.328125 0.601487 0.292420 0.599288 0.254104 0.601487 0.215787 0.607937 0.180082 0.618197 0.149421 0.631567 0.125895 0.647138 0.111105 0.663847 0.106061 0.680556 0.111105 0.696126 0.125895 0.709497 0.149421 0.719757 0.180082 0.726206 0.215787
1 0.767884 0.535669 0.765532 0.576110 0.758638 0.613794 0.747671 0.646155 0.733378 0.670986 0.716734 0.686595 0.698872 0.691919 0.681011 0.686595 0.664366 0.670986 0.650074 0.646155 0.639106 0.613794 0.632212 0.576110 0.629860 0.535669 0.632212 0.495229 0.639106 0.457544 0.650074 0.425184 0.664366 0.400353 0.681011 0.384743 0.698872 0.379419 0.716734 0.384743 0.733378 0.400353 0.747671 0.425184 0.758638 0.457544 0.765532 0.495229
1 0.869397 0.349432 0.867086 0.388565 0.860311 0.425032 0.849532 0.456346 0.835485 0.480374 0.819127 0.495479 0.801573 0.500631 0.784019 0.495479 0.767661 0.480374 0.753614 0.456346 0.742836 0.425032 0.736060 0.388565 0.733749 0.349432 0.736060 0.310299 0.742836 0.273832 0.753614 0.242518 0.767661 0.218489 0.784019 0.203384 0.801573 0.198232 0.819127 0.203384 0.835485 0.218489 0.849532 0.242518 0.860311 0.273832 0.867086 0.310299
1 0.985159 0.502841 0.983030 0.539687 0.976788 0.574021 0.966858 0.603505 0.953918 0.626129 0.938849 0.640351 0.922677 0.645202 0.906506 0.640351 0.891437 0.626129 0.878496 0.603505 0.868567 0.574021 0.862325 0.539687 0.860196 0.502841 0.862325 0.465995 0.868567 0.431660 0.878496 0.402176 0.891437 0.379553 0.906506 0.365331 0.922677 0.360480 0.938849 0.365331 0.953918 0.379553 0.966858 0.402176 0.976788 0.431660 0.983030 0.465995
1 0.918077 0.782513 0.915988 0.820992 0.909865 0.856850 0.900124 0.887641 0.887430 0.911268 0.872647 0.926121 0.856782 0.931187 0.840918 0.926121 0.826135 0.911268 0.813441 0.887641 0.803700 0.856850 0.797577 0.820992 0.795488 0.782513 0.797577 0.744033 0.803700 0.708176 0.813441 0.677384 0.826135 0.653757 0.840918 0.638904 0.856782 0.633838 0.872647 0.638904 0.887430 0.653757 0.900124 0.677384 0.909865 0.708176 0.915988 0.744033
0 0.030365 0.209274 0.015758 0.242898 0.010154 0.307582 0.034767 0.384615 0.077786 0.348011 0.095993 0.224596
0 0.067519 0.492317 0.040243 0.545051 0.058219 0.605038 0.075886 0.638655 0.093862 0.624154 0.096031 0.557576 0.087664 0.530549
0 0.065037 0.744129 0.052330 0.805429 0.049852 0.833119 0.065349 0.870688 0.099442 0.897058 0.106260 0.858169 0.106880 0.817298 0.102229 0.768516 0.094173 0.742146
0 0.152749 0.673592 0.119587 0.742809 0.107189 0.879918 0.138183 0.957702 0.156159 0.979457 0.202339 0.997254 0.230852 0.990006 0.275171 0.904968 0.255025 0.732923 0.184052 0.647885
0 0.239840 0.590537 0.189320 0.643927 0.148100 0.552304 0.140350 0.440240 0.171653 0.413870 0.196759 0.417828 0.220315 0.439577 0.233022 0.492317
0 0.212565 0.185789 0.216284 0.297854 0.180024 0.333453 0.154298 0.295215 0.136943 0.224021 0.161736 0.187109
0 0.243868 0.043409 0.230232 0.064501 0.228062 0.113939 0.232093 0.196338 0.269282 0.227980 0.306785 0.198977 0.313912 0.135032 0.310505 0.051319 0.267424 0.035499
0 0.286640 0.235234 0.234880 0.250391 0.227753 0.362456 0.230540 0.479129 0.267115 0.512753 0.302755 0.517367 0.330338 0.493636 0.344598 0.401345 0.337468 0.307083 0.308023 0.242481
0 0.282609 0.639975 0.271143 0.699299 0.272072 0.746105 0.286328 0.798182 0.327860 0.825208 0.365361 0.788289 0.368771 0.735556 0.373111 0.668321 0.344286 0.598447 0.319181 0.590537
0 0.424251 0.674937 0.393565 0.773788 0.392636 0.791591 0.425180 0.843662 0.447495 0.847620 0.457412 0.817955 0.451214 0.728965
0 0.374348 0.450126 0.379308 0.509457 0.387056 0.551641 0.413402 0.584602 0.459581 0.541098 0.457720 0.416509 0.427967 0.386843 0.387988 0.407942
0 0.386747 0.199634 0.342428 0.224021 0.348934 0.293902 0.371250 0.330152 0.399454 0.329495 0.413402 0.279394 0.409682 0.204249
0 0.510410 0.120530 0.484375 0.226660 0.478798 0.319609 0.499561 0.349274 0.533345 0.348611 0.556898 0.338725 0.572395 0.304444 0.572707 0.189747 0.554420 0.135032
0 0.497391 0.391458 0.494604 0.473201 0.506999 0.566143 0.539855 0.625473 0.574877 0.602399 0.590991 0.537797 0.581383 0.378277 0.540163 0.359817
0 0.688629 0.117184 0.648448 0.130284 0.596750 0.216881 0.598626 0.344501 0.610413 0.373561 0.631840 0.398056 0.658629 0.402614 0.710594 0.382102 0.730686 0.353617 0.742740 0.296073 0.740864 0.215745
0 0.703764 0.388428 0.647243 0.429451 0.635993 0.475025 0.635459 0.603782 0.688228 0.695511 0.758943 0.608914 0.755729 0.490410 0.712069 0.390707
0 0.749837 0.238018 0.736444 0.324047 0.736711 0.382734 0.775554 0.475593 0.813589 0.494968 0.846269 0.463630 0.863681 0.407797 0.869038 0.297841 0.849484 0.213523 0.792962 0.208396
0 0.902253 0.447677 0.870914 0.551938 0.910291 0.583277 0.956094 0.496673
0 0.833218 0.690574 0.798792 0.750827 0.809908 0.859129 0.829273 0.907178 0.870870 0.941503 0.894895 0.887348 0.889157 0.740145
