1 0.088936 0.602294 0.087533 0.630669 0.083422 0.657110 0.076881 0.679816 0.068356 0.697239 0.058429 0.708191 0.047777 0.711927 0.037124 0.708191 0.027197 0.697239 0.018673 0.679816 0.012132 0.657110 0.008020 0.630669 0.006617 0.602294 0.008020 0.573918 0.012132 0.547477 0.018673 0.524771 0.027197 0.507349 0.037124 0.496396 0.047777 0.492661 0.058429 0.496396 0.068356 0.507349 0.076881 0.524771 0.083422 0.547477 0.087533 0.573918
1 0.083907 0.854587 0.082676 0.889611 0.079066 0.922248 0.073325 0.950274 0.065842 0.971779 0.057128 0.985297 0.047777 0.989908 0.038425 0.985297 0.029711 0.971779 0.022229 0.950274 0.016487 0.922248 0.012877 0.889611 0.011646 0.854587 0.012877 0.819563 0.016487 0.786927 0.022229 0.758901 0.029711 0.737396 0.038425 0.723877 0.047777 0.719266 0.057128 0.723877 0.065842 0.737396 0.073325 0.758901 0.079066 0.786927 0.082676 0.819563
1 0.172313 0.560092 0.170884 0.594878 0.166693 0.627294 0.160026 0.655129 0.151337 0.676489 0.141218 0.689916 0.130360 0.694495 0.119502 0.689916 0.109383 0.676489 0.100694 0.655129 0.094027 0.627294 0.089836 0.594878 0.088407 0.560092 0.089836 0.525306 0.094027 0.492890 0.100694 0.465054 0.109383 0.443695 0.119502 0.430268 0.130360 0.425688 0.141218 0.430268 0.151337 0.443695 0.160026 0.465054 0.166693 0.492890 0.170884 0.525306
1 0.160402 0.845413 0.159099 0.879249 0.155278 0.910780 0.149200 0.937856 0.141278 0.958632 0.132054 0.971692 0.122155 0.976147 0.112255 0.971692 0.103031 0.958632 0.095109 0.937856 0.089031 0.910780 0.085210 0.879249 0.083907 0.845413 0.085210 0.811576 0.089031 0.780046 0.095109 0.752970 0.103031 0.732194 0.112255 0.719134 0.122155 0.714679 0.132054 0.719134 0.141278 0.732194 0.149200 0.752970 0.155278 0.780046 0.159099 0.811576
1 0.244309 0.500459 0.242988 0.537619 0.239114 0.572248 0.232952 0.601984 0.224921 0.624801 0.215568 0.639144 0.205532 0.644037 0.195496 0.639144 0.186143 0.624801 0.178112 0.601984 0.171950 0.572248 0.168076 0.537619 0.166755 0.500459 0.168076 0.463298 0.171950 0.428670 0.178112 0.398934 0.186143 0.376117 0.195496 0.361773 0.205532 0.356881 0.215568 0.361773 0.224921 0.376117 0.232952 0.398934 0.239114 0.428670 0.242988 0.463298
1 0.232398 0.786697 0.231158 0.822433 0.227522 0.855734 0.221738 0.884330 0.214201 0.906272 0.205423 0.920066 0.196003 0.924771 0.186583 0.920066 0.177806 0.906272 0.170268 0.884330 0.164484 0.855734 0.160848 0.822433 0.159608 0.786697 0.160848 0.750961 0.164484 0.717661 0.170268 0.689065 0.177806 0.667122 0.186583 0.653329 0.196003 0.648624 0.205423 0.653329 0.214201 0.667122 0.221738 0.689065 0.227522 0.717661 0.231158 0.750961
1 0.312599 0.842661 0.311395 0.878159 0.307865 0.911239 0.302250 0.939644 0.294931 0.961441 0.286409 0.975143 0.277263 0.979817 0.268117 0.975143 0.259595 0.961441 0.252277 0.939644 0.246661 0.911239 0.243131 0.878159 0.241927 0.842661 0.243131 0.807162 0.246661 0.774083 0.252277 0.745677 0.259595 0.723880 0.268117 0.710178 0.277263 0.705505 0.286409 0.710178 0.294931 0.723880 0.302250 0.745677 0.307865 0.774083 0.311395 0.807162
1 0.356538 0.492202 0.355235 0.527463 0.351414 0.560321 0.345335 0.588537 0.337414 0.610188 0.328189 0.623798 0.318290 0.628440 0.308391 0.623798 0.299166 0.610188 0.291245 0.588537 0.285167 0.560321 0.281346 0.527463 0.280042 0.492202 0.281346 0.456941 0.285167 0.424083 0.291245 0.395867 0.299166 0.374216 0.308391 0.360606 0.318290 0.355963 0.328189 0.360606 0.337414 0.374216 0.345335 0.395867 0.351414 0.424083 0.355235 0.456941
1 0.445738 0.599541 0.444336 0.633378 0.440224 0.664908 0.433683 0.691984 0.425159 0.712760 0.415232 0.725821 0.404579 0.730275 0.393926 0.725821 0.383999 0.712760 0.375475 0.691984 0.368934 0.664908 0.364822 0.633378 0.363420 0.599541 0.364822 0.565705 0.368934 0.534174 0.375475 0.507098 0.383999 0.486322 0.393926 0.473262 0.404579 0.468807 0.415232 0.473262 0.425159 0.486322 0.433683 0.507098 0.440224 0.534174 0.444336 0.565705
1 0.412388 0.849083 0.410985 0.884344 0.406873 0.917202 0.400332 0.945418 0.391808 0.967069 0.381881 0.980679 0.371228 0.985321 0.360575 0.980679 0.350648 0.967069 0.342124 0.945418 0.335583 0.917202 0.331471 0.884344 0.330069 0.849083 0.331471 0.813821 0.335583 0.780963 0.342124 0.752747 0.350648 0.731097 0.360575 0.717486 0.371228 0.712844 0.381881 0.717486 0.391808 0.731097 0.400332 0.752747 0.406873 0.780963 0.410985 0.813821
1 0.490471 0.805963 0.489114 0.844311 0.485134 0.880046 0.478803 0.910732 0.470553 0.934278 0.460946 0.949080 0.450635 0.954128 0.440325 0.949080 0.430717 0.934278 0.422467 0.910732 0.416136 0.880046 0.412157 0.844311 0.410799 0.805963 0.412157 0.767615 0.416136 0.731881 0.422467 0.701195 0.430717 0.677649 0.440325 0.662847 0.450635 0.657798 0.460946 0.662847 0.470553 0.677649 0.478803 0.701195 0.485134 0.731881 0.489114 0.767615
1 0.491001 0.381193 0.489697 0.416454 0.485876 0.449312 0.479798 0.477528 0.471877 0.499179 0.462652 0.512789 0.452753 0.517431 0.442854 0.512789 0.433629 0.499179 0.425708 0.477528 0.419629 0.449312 0.415808 0.416454 0.414505 0.381193 0.415808 0.345932 0.419629 0.313073 0.425708 0.284857 0.433629 0.263207 0.442854 0.249596 0.452753 0.244954 0.462652 0.249596 0.471877 0.263207 0.479798 0.284857 0.485876 0.313073 0.489697 0.345932
1 0.578084 0.338991 0.576681 0.373540 0.572569 0.405734 0.566028 0.433380 0.557504 0.454593 0.547577 0.467929 0.536924 0.472477 0.526271 0.467929 0.516345 0.454593 0.507820 0.433380 0.501279 0.405734 0.497167 0.373540 0.495765 0.338991 0.497167 0.304442 0.501279 0.272248 0.507820 0.244602 0.516345 0.223388 0.526271 0.210053 0.536924 0.205505 0.547577 0.210053 0.557504 0.223388 0.566028 0.244602 0.572569 0.272248 0.576681 0.304442
1 0.602700 0.590367 0.601297 0.623966 0.597186 0.655275 0.590645 0.682161 0.582120 0.702791 0.572193 0.715760 0.561540 0.720183 0.550888 0.715760 0.540961 0.702791 0.532436 0.682161 0.525895 0.655275 0.521784 0.623966 0.520381 0.590367 0.521784 0.556768 0.525895 0.525459 0.532436 0.498573 0.540961 0.477943 0.550888 0.464974 0.561540 0.460550 0.572193 0.464974 0.582120 0.477943 0.590645 0.498573 0.597186 0.525459 0.601297 0.556768
1 0.577554 0.844495 0.576143 0.877382 0.572004 0.908028 0.565421 0.934343 0.556842 0.954536 0.546852 0.967230 0.536130 0.971560 0.525409 0.967230 0.515418 0.954536 0.506839 0.934343 0.500256 0.908028 0.496118 0.877382 0.494706 0.844495 0.496118 0.811609 0.500256 0.780963 0.506839 0.754647 0.515418 0.734455 0.525409 0.721761 0.536130 0.717431 0.546852 0.721761 0.556842 0.734455 0.565421 0.754647 0.572004 0.780963 0.576143 0.811609
1 0.664637 0.317890 0.663045 0.349114 0.658378 0.378211 0.650954 0.403197 0.641278 0.422369 0.630011 0.434421 0.617920 0.438532 0.605828 0.434421 0.594561 0.422369 0.584885 0.403197 0.577461 0.378211 0.572794 0.349114 0.571202 0.317890 0.572794 0.286665 0.577461 0.257569 0.584885 0.232583 0.594561 0.213411 0.605828 0.201358 0.617920 0.197248 0.630011 0.201358 0.641278 0.213411 0.650954 0.232583 0.658378 0.257569 0.663045 0.286665
1 0.668078 0.570183 0.666676 0.602595 0.662564 0.632798 0.656023 0.658734 0.647499 0.678635 0.637572 0.691146 0.626919 0.695413 0.616266 0.691146 0.606339 0.678635 0.597815 0.658734 0.591274 0.632798 0.587162 0.602595 0.585760 0.570183 0.587162 0.537772 0.591274 0.507569 0.597815 0.481633 0.606339 0.461732 0.616266 0.449221 0.626919 0.444954 0.637572 0.449221 0.647499 0.461732 0.656023 0.481633 0.662564 0.507569 0.666676 0.537772
1 0.658020 0.855505 0.656618 0.890766 0.652506 0.923624 0.645965 0.951840 0.637440 0.973491 0.627514 0.987101 0.616861 0.991743 0.606208 0.987101 0.596281 0.973491 0.587757 0.951840 0.581216 0.923624 0.577104 0.890766 0.575701 0.855505 0.577104 0.820243 0.581216 0.787385 0.587757 0.759169 0.596281 0.737519 0.606208 0.723908 0.616861 0.719266 0.627514 0.723908 0.637440 0.737519 0.645965 0.759169 0.652506 0.787385 0.656618 0.820243
1 0.748015 0.279358 0.746612 0.310582 0.742501 0.339679 0.735960 0.364665 0.727435 0.383837 0.717508 0.395889 0.706855 0.400000 0.696203 0.395889 0.686276 0.383837 0.677751 0.364665 0.671210 0.339679 0.667099 0.310582 0.665696 0.279358 0.667099 0.248133 0.671210 0.219037 0.677751 0.194051 0.686276 0.174879 0.696203 0.162826 0.706855 0.158716 0.717508 0.162826 0.727435 0.174879 0.735960 0.194051 0.742501 0.219037 0.746612 0.248133
1 0.753573 0.552752 0.752171 0.583977 0.748059 0.613073 0.741518 0.638059 0.732994 0.657231 0.723067 0.669284 0.712414 0.673394 0.701761 0.669284 0.691834 0.657231 0.683310 0.638059 0.676769 0.613073 0.672657 0.583977 0.671255 0.552752 0.672657 0.521528 0.676769 0.492431 0.683310 0.467445 0.691834 0.448273 0.701761 0.436221 0.712414 0.432110 0.723067 0.436221 0.732994 0.448273 0.741518 0.467445 0.748059 0.492431 0.752171 0.521528
1 0.739545 0.856881 0.738142 0.893923 0.734030 0.928440 0.727489 0.958081 0.718965 0.980826 0.709038 0.995123 0.698385 1.000000 0.687733 0.995123 0.677806 0.980826 0.669281 0.958081 0.662740 0.928440 0.658629 0.893923 0.657226 0.856881 0.658629 0.819839 0.662740 0.785321 0.669281 0.755680 0.677806 0.732936 0.687733 0.718638 0.698385 0.713761 0.709038 0.718638 0.718965 0.732936 0.727489 0.755680 0.734030 0.785321 0.738142 0.819839
1 0.841451 0.239908 0.840048 0.271133 0.835936 0.300229 0.829395 0.325215 0.820871 0.344387 0.810944 0.356440 0.800291 0.360550 0.789638 0.356440 0.779711 0.344387 0.771187 0.325215 0.764646 0.300229 0.760534 0.271133 0.759132 0.239908 0.760534 0.208684 0.764646 0.179587 0.771187 0.154601 0.779711 0.135429 0.789638 0.123377 0.800291 0.119266 0.810944 0.123377 0.820871 0.135429 0.829395 0.154601 0.835936 0.179587 0.840048 0.208684
1 0.840392 0.567431 0.838989 0.598656 0.834877 0.627752 0.828336 0.652738 0.819812 0.671910 0.809885 0.683963 0.799232 0.688073 0.788580 0.683963 0.778653 0.671910 0.770128 0.652738 0.763587 0.627752 0.759476 0.598656 0.758073 0.567431 0.759476 0.536207 0.763587 0.507110 0.770128 0.482124 0.778653 0.462952 0.788580 0.450900 0.799232 0.446789 0.809885 0.450900 0.819812 0.462952 0.828336 0.482124 0.834877 0.507110 0.838989 0.536207
1 0.829804 0.847248 0.828302 0.885596 0.823900 0.921330 0.816896 0.952016 0.807769 0.975562 0.797140 0.990364 0.785733 0.995413 0.774327 0.990364 0.763698 0.975562 0.754570 0.952016 0.747567 0.921330 0.743164 0.885596 0.741662 0.847248 0.743164 0.808900 0.747567 0.773165 0.754570 0.742479 0.763698 0.718933 0.774327 0.704131 0.785733 0.699083 0.797140 0.704131 0.807769 0.718933 0.816896 0.742479 0.823900 0.773165 0.828302 0.808900
1 0.902859 0.145413 0.901456 0.176637 0.897344 0.205734 0.890803 0.230720 0.882279 0.249892 0.872352 0.261944 0.861699 0.266055 0.851046 0.261944 0.841120 0.249892 0.832595 0.230720 0.826054 0.205734 0.821942 0.176637 0.820540 0.145413 0.821942 0.114188 0.826054 0.085092 0.832595 0.060106 0.841120 0.040934 0.851046 0.028881 0.861699 0.024771 0.872352 0.028881 0.882279 0.040934 0.890803 0.060106 0.897344 0.085092 0.901456 0.114188
1 0.989412 0.285780 0.987893 0.326977 0.983437 0.365367 0.976349 0.398333 0.967112 0.423629 0.956355 0.439530 0.944812 0.444954 0.933269 0.439530 0.922512 0.423629 0.913275 0.398333 0.906187 0.365367 0.901731 0.326977 0.900212 0.285780 0.901731 0.244582 0.906187 0.206193 0.913275 0.173227 0.922512 0.147931 0.933269 0.132029 0.944812 0.126606 0.956355 0.132029 0.967112 0.147931 0.976349 0.173227 0.983437 0.206193 0.987893 0.244582
1 0.934886 0.554587 0.933366 0.591510 0.928911 0.625917 0.921823 0.655463 0.912586 0.678135 0.901829 0.692387 0.890286 0.697248 0.878742 0.692387 0.867986 0.678135 0.858749 0.655463 0.851661 0.625917 0.847205 0.591510 0.845686 0.554587 0.847205 0.517664 0.851661 0.483257 0.858749 0.453711 0.867986 0.431039 0.878742 0.416788 0.890286 0.411927 0.901829 0.416788 0.912586 0.431039 0.921823 0.453711 0.928911 0.483257 0.933366 0.517664
1 0.928269 0.853670 0.926731 0.891543 0.922223 0.926835 0.915051 0.957141 0.905704 0.980395 0.894820 0.995014 0.883139 1.000000 0.871459 0.995014 0.860574 0.980395 0.851228 0.957141 0.844056 0.926835 0.839547 0.891543 0.838010 0.853670 0.839547 0.815797 0.844056 0.780505 0.851228 0.750199 0.860574 0.726944 0.871459 0.712326 0.883139 0.707339 0.894820 0.712326 0.905704 0.726944 0.915051 0.750199 0.922223 0.780505 0.926731 0.815797
0 0.034039 0.527615 0.015696 0.574037 0.004685 0.627982 0.018131 0.707706 0.043224 0.762018 0.078957 0.672477 0.078904 0.597890 0.055929 0.538532
0 0.050556 0.751284 0.027660 0.803578 0.022208 0.840734 0.025675 0.895505 0.041477 0.939725 0.076072 0.886514 0.075199 0.805413 0.063870 0.764587
0 0.099153 0.596606 0.120884 0.493119 0.129619 0.491193 0.139571 0.517339 0.158073 0.628440 0.132901 0.665505 0.110958 0.652477
0 0.119508 0.728716 0.078878 0.802202 0.075516 0.917339 0.118528 0.976789 0.140974 0.908624 0.147962 0.814587 0.139677 0.749633
0 0.201879 0.336239 0.170937 0.391743 0.150291 0.490183 0.165379 0.629633 0.216384 0.624954 0.233536 0.554954 0.233669 0.472936 0.224669 0.391468
0 0.216490 0.692752 0.158020 0.718257 0.147459 0.846514 0.203017 0.959908 0.230519 0.825596
0 0.280492 0.790000 0.263944 0.799385 0.263235 0.855229 0.266199 0.913761 0.295289 0.890826 0.293647 0.823395
0 0.321625 0.328239 0.277951 0.378330 0.266967 0.410899 0.271175 0.558514 0.310191 0.602459 0.335495 0.576862 0.352673 0.503284
0 0.423266 0.493395 0.389571 0.487890 0.373849 0.613670 0.380413 0.676147 0.406432 0.726514 0.424960 0.702752 0.442245 0.632385 0.436792 0.517339
0 0.391292 0.731193 0.364929 0.724404 0.344230 0.758165 0.332530 0.862294 0.353653 0.976606 0.394203 0.964771 0.407411 0.876972 0.403759 0.809266
0 0.405929 0.680917 0.399074 0.832569 0.466173 0.954587 0.493277 0.807156 0.493250 0.716330 0.479645 0.619725 0.446374 0.635872
0 0.439571 0.264495 0.426443 0.297064 0.417073 0.407706 0.438645 0.507982 0.472816 0.472202 0.481260 0.387064 0.477237 0.296330
0 0.518819 0.211743 0.561646 0.196422 0.586104 0.426789 0.550159 0.453761 0.504129 0.429174
0 0.572737 0.426697 0.547088 0.445229 0.505521 0.530826 0.503467 0.657982 0.511673 0.731743 0.528825 0.788165 0.585204 0.772385 0.609264 0.627890
0 0.540286 0.713670 0.561646 0.800459 0.551800 0.876514 0.541371 0.903211 0.526840 0.928440 0.510005 0.866606 0.512811 0.766881
0 0.636686 0.267339 0.642562 0.350826 0.626257 0.420183 0.597935 0.425138 0.590074 0.343028 0.609873 0.225505
0 0.622393 0.464037 0.649524 0.478807 0.659132 0.551560 0.648703 0.646147 0.615908 0.641560 0.602329 0.599450 0.605082 0.530459
0 0.629645 0.770092 0.644362 0.885413 0.632901 0.951193 0.612864 0.964128 0.591795 0.917339 0.591053 0.850459 0.606273 0.804128
0 0.717999 0.142018 0.731763 0.147339 0.743277 0.186881 0.755241 0.300000 0.741900 0.388165 0.707226 0.442018 0.693356 0.436789 0.664055 0.345505 0.669428 0.190734 0.686739 0.149358
0 0.707094 0.447890 0.727025 0.451927 0.745103 0.548532 0.721255 0.670000 0.697353 0.657982 0.685416 0.617706 0.677475 0.538440
0 0.677025 0.796972 0.707623 0.759083 0.723081 0.816147 0.717920 0.961651 0.665140 0.903119
0 0.759105 0.144495 0.804182 0.083486 0.863658 0.240642 0.861779 0.290826 0.813393 0.368807 0.757861 0.342936 0.752250 0.259266
0 0.825357 0.464862 0.822896 0.646881 0.796506 0.626055 0.773213 0.578532 0.788804 0.437982
0 0.766199 0.738165 0.750000 0.868073 0.768767 0.990642 0.801350 0.973761 0.816358 0.939725 0.820805 0.855229 0.813764 0.775596
0 0.958629 0.094771 0.994653 0.164220 1.000000 0.221541 1.000000 0.308532 0.986660 0.389633 0.949179 0.454862 0.935971 0.440917 0.915379 0.390459 0.903017 0.320826 0.901138 0.261376 0.905082 0.202752
0 0.910138 0.428165 0.933536 0.491468 0.946956 0.664128 0.888221 0.728991 0.856803 0.688991 0.849232 0.520642 0.885310 0.424862
0 0.881445 0.756055 0.903282 0.859174 0.889227 0.909633 0.875410 0.932202 0.852620 0.917890 0.852170 0.789450
0 0.871519 0.054679 0.894494 0.130000 0.890762 0.187706 0.878825 0.241009 0.855691 0.279266 0.831736 0.160275 0.844150 0.074220