1 0.635071 0.063022 0.633478 0.071624 0.628808 0.079640 0.621379 0.086524 0.611698 0.091806 0.600423 0.095126 0.588324 0.096259 0.576225 0.095126 0.564950 0.091806 0.555269 0.086524 0.547840 0.079640 0.543170 0.071624 0.541577 0.063022 0.543170 0.054420 0.547840 0.046404 0.555269 0.039520 0.564950 0.034239 0.576225 0.030918 0.588324 0.029786 0.600423 0.030918 0.611698 0.034239 0.621379 0.039520 0.628808 0.046404 0.633478 0.054420
1 0.575183 0.122957 0.573532 0.130243 0.568689 0.137032 0.560986 0.142863 0.550948 0.147336 0.539258 0.150149 0.526713 0.151108 0.514168 0.150149 0.502477 0.147336 0.492439 0.142863 0.484736 0.137032 0.479894 0.130243 0.478242 0.122957 0.479894 0.115671 0.484736 0.108881 0.492439 0.103051 0.502477 0.098577 0.514168 0.095765 0.526713 0.094806 0.539258 0.095765 0.550948 0.098577 0.560986 0.103051 0.568689 0.108881 0.573532 0.115671
1 0.460146 0.121141 0.458656 0.128991 0.454288 0.136306 0.447338 0.142588 0.438281 0.147408 0.427734 0.150438 0.416415 0.151471 0.405097 0.150438 0.394550 0.147408 0.385493 0.142588 0.378543 0.136306 0.374174 0.128991 0.372684 0.121141 0.374174 0.113290 0.378543 0.105975 0.385493 0.099694 0.394550 0.094874 0.405097 0.091844 0.416415 0.090810 0.427734 0.091844 0.438281 0.094874 0.447338 0.099694 0.454288 0.105975 0.458656 0.113290
1 0.357604 0.109154 0.356217 0.117286 0.352150 0.124864 0.345679 0.131371 0.337247 0.136364 0.327427 0.139503 0.316889 0.140574 0.306351 0.139503 0.296532 0.136364 0.288099 0.131371 0.281629 0.124864 0.277561 0.117286 0.276174 0.109154 0.277561 0.101021 0.281629 0.093444 0.288099 0.086936 0.296532 0.081943 0.306351 0.078804 0.316889 0.077733 0.327427 0.078804 0.337247 0.081943 0.345679 0.086936 0.352150 0.093444 0.356217 0.101021
1 0.249892 0.113513 0.248432 0.121269 0.244149 0.128496 0.237336 0.134703 0.228458 0.139465 0.218118 0.142459 0.207023 0.143480 0.195927 0.142459 0.185588 0.139465 0.176710 0.134703 0.169897 0.128496 0.165614 0.121269 0.164153 0.113513 0.165614 0.105756 0.169897 0.098529 0.176710 0.092322 0.185588 0.087560 0.195927 0.084566 0.207023 0.083545 0.218118 0.084566 0.228458 0.087560 0.237336 0.092322 0.244149 0.098529 0.248432 0.105756
1 0.246876 0.181075 0.245342 0.189301 0.240844 0.196967 0.233689 0.203550 0.224365 0.208601 0.213506 0.211776 0.201853 0.212859 0.190200 0.211776 0.179341 0.208601 0.170016 0.203550 0.162861 0.196967 0.158363 0.189301 0.156829 0.181075 0.158363 0.172849 0.162861 0.165183 0.170016 0.158601 0.179341 0.153550 0.190200 0.150375 0.201853 0.149292 0.213506 0.150375 0.224364 0.153550 0.233689 0.158601 0.240844 0.165183 0.245342 0.172849
1 0.387764 0.177806 0.386039 0.186126 0.380981 0.193879 0.372936 0.200537 0.362452 0.205646 0.350242 0.208857 0.337139 0.209953 0.324037 0.208857 0.311827 0.205646 0.301342 0.200537 0.293297 0.193879 0.288239 0.186126 0.286514 0.177806 0.288239 0.169486 0.293297 0.161733 0.301342 0.155075 0.311827 0.149966 0.324037 0.146755 0.337139 0.145659 0.350242 0.146755 0.362452 0.149966 0.372936 0.155075 0.380981 0.161733 0.386039 0.169486
1 0.509694 0.180712 0.508160 0.188186 0.503662 0.195151 0.496507 0.201131 0.487182 0.205721 0.476323 0.208606 0.464670 0.209590 0.453017 0.208606 0.442159 0.205721 0.432834 0.201131 0.425679 0.195151 0.421181 0.188186 0.419647 0.180712 0.421181 0.173238 0.425679 0.166273 0.432834 0.160292 0.442159 0.155703 0.453017 0.152818 0.464670 0.151834 0.476323 0.152818 0.487182 0.155703 0.496507 0.160292 0.503662 0.166273 0.508160 0.173238
1 0.628178 0.183255 0.626497 0.190541 0.621568 0.197330 0.613728 0.203160 0.603511 0.207634 0.591613 0.210447 0.578845 0.211406 0.566077 0.210447 0.554179 0.207634 0.543962 0.203160 0.536122 0.197330 0.531194 0.190541 0.529513 0.183255 0.531194 0.175969 0.536122 0.169179 0.543962 0.163349 0.554179 0.158875 0.566077 0.156063 0.578845 0.155104 0.591613 0.156063 0.603511 0.158875 0.613728 0.163349 0.621568 0.169179 0.626497 0.175969
1 0.191297 0.248638 0.189557 0.257522 0.184457 0.265801 0.176343 0.272910 0.165769 0.278365 0.153455 0.281794 0.140241 0.282964 0.127027 0.281794 0.114713 0.278365 0.104140 0.272910 0.096026 0.265801 0.090925 0.257522 0.089186 0.248638 0.090925 0.239754 0.096026 0.231475 0.104140 0.224366 0.114713 0.218910 0.127027 0.215481 0.140241 0.214312 0.153455 0.215481 0.165769 0.218910 0.176343 0.224366 0.184457 0.231475 0.189557 0.239754
1 0.317536 0.242826 0.315972 0.252086 0.311388 0.260716 0.304096 0.268126 0.294593 0.273812 0.283526 0.277386 0.271650 0.278605 0.259774 0.277386 0.248707 0.273812 0.239204 0.268126 0.231912 0.260716 0.227328 0.252086 0.225765 0.242826 0.227328 0.233566 0.231912 0.224936 0.239204 0.217526 0.248707 0.211840 0.259774 0.208266 0.271650 0.207047 0.283526 0.208266 0.294593 0.211840 0.304096 0.217526 0.311388 0.224936 0.315972 0.233566
1 0.451099 0.244642 0.449344 0.253903 0.444201 0.262532 0.436019 0.269942 0.425355 0.275628 0.412938 0.279202 0.399612 0.280421 0.386287 0.279202 0.373869 0.275628 0.363206 0.269942 0.355024 0.262532 0.349880 0.253903 0.348126 0.244642 0.349880 0.235382 0.355024 0.226753 0.363206 0.219343 0.373869 0.213657 0.386287 0.210082 0.399612 0.208863 0.412938 0.210082 0.425355 0.213657 0.436019 0.219343 0.444201 0.226753 0.449344 0.235382
1 0.570875 0.253723 0.569194 0.262796 0.564265 0.271250 0.556426 0.278509 0.546209 0.284080 0.534311 0.287581 0.521542 0.288776 0.508774 0.287581 0.496876 0.284080 0.486659 0.278509 0.478820 0.271250 0.473891 0.262796 0.472210 0.253723 0.473891 0.244651 0.478820 0.236197 0.486659 0.228937 0.496876 0.223367 0.508774 0.219865 0.521542 0.218671 0.534311 0.219865 0.546209 0.223367 0.556426 0.228937 0.564265 0.236197 0.569194 0.244651
1 0.202930 0.380857 0.201352 0.389365 0.196725 0.397294 0.189364 0.404102 0.179772 0.409326 0.168601 0.412610 0.156614 0.413730 0.144626 0.412610 0.133455 0.409326 0.123863 0.404102 0.116502 0.397294 0.111875 0.389365 0.110297 0.380857 0.111875 0.372349 0.116502 0.364421 0.123863 0.357612 0.133455 0.352388 0.144626 0.349104 0.156614 0.347984 0.168601 0.349104 0.179772 0.352388 0.189364 0.357612 0.196725 0.364421 0.201352 0.372349
1 0.337785 0.355794 0.335987 0.364772 0.330714 0.373138 0.322327 0.380323 0.311396 0.385836 0.298667 0.389301 0.285006 0.390483 0.271346 0.389301 0.258617 0.385836 0.247686 0.380323 0.239299 0.373138 0.234026 0.364772 0.232227 0.355794 0.234026 0.346815 0.239299 0.338449 0.247686 0.331265 0.258617 0.325752 0.271346 0.322286 0.285006 0.321104 0.298667 0.322286 0.311396 0.325752 0.322327 0.331265 0.330714 0.338449 0.335987 0.346815
1 0.466178 0.349619 0.464424 0.357469 0.459280 0.364784 0.451098 0.371066 0.440435 0.375886 0.428018 0.378916 0.414692 0.379949 0.401366 0.378916 0.388949 0.375886 0.378286 0.371066 0.370103 0.364784 0.364960 0.357469 0.363206 0.349619 0.364960 0.341768 0.370103 0.334453 0.378286 0.328172 0.388949 0.323352 0.401366 0.320322 0.414692 0.319288 0.428018 0.320322 0.440435 0.323352 0.451098 0.328172 0.459280 0.334453 0.464424 0.341768
1 0.587678 0.360516 0.585938 0.369964 0.580838 0.378769 0.572724 0.386329 0.562150 0.392131 0.549836 0.395778 0.536622 0.397021 0.523408 0.395778 0.511094 0.392131 0.500520 0.386329 0.492407 0.378769 0.487306 0.369964 0.485567 0.360516 0.487306 0.351067 0.492407 0.342263 0.500520 0.334702 0.511094 0.328901 0.523408 0.325254 0.536622 0.324010 0.549836 0.325254 0.562150 0.328901 0.572724 0.334702 0.580838 0.342263 0.585938 0.351067
1 0.194313 0.462950 0.192529 0.473338 0.187299 0.483019 0.178980 0.491331 0.168139 0.497710 0.155513 0.501720 0.141965 0.503088 0.128416 0.501720 0.115791 0.497710 0.104949 0.491331 0.096630 0.483019 0.091400 0.473338 0.089617 0.462950 0.091400 0.452561 0.096630 0.442880 0.104949 0.434568 0.115791 0.428189 0.128416 0.424179 0.141965 0.422811 0.155513 0.424179 0.168139 0.428189 0.178980 0.434568 0.187299 0.442880 0.192529 0.452561
1 0.357604 0.442608 0.355645 0.453279 0.349898 0.463222 0.340758 0.471760 0.328845 0.478312 0.314973 0.482431 0.300086 0.483836 0.285199 0.482431 0.271327 0.478312 0.259415 0.471760 0.250274 0.463222 0.244528 0.453279 0.242568 0.442608 0.244528 0.431938 0.250274 0.421994 0.259415 0.413456 0.271327 0.406904 0.285199 0.402785 0.300086 0.401380 0.314973 0.402785 0.328845 0.406904 0.340758 0.413456 0.349898 0.421994 0.355645 0.431938
1 0.494614 0.457138 0.492684 0.468466 0.487024 0.479023 0.478020 0.488088 0.466286 0.495044 0.452622 0.499417 0.437958 0.500908 0.423294 0.499417 0.409629 0.495044 0.397896 0.488088 0.388892 0.479023 0.383232 0.468466 0.381301 0.457138 0.383232 0.445809 0.388892 0.435252 0.397896 0.426187 0.409629 0.419231 0.423294 0.414859 0.437958 0.413367 0.452622 0.414859 0.466286 0.419231 0.478020 0.426187 0.487024 0.435252 0.492684 0.445809
1 0.628178 0.453505 0.626041 0.464364 0.619779 0.474482 0.609816 0.483171 0.596833 0.489839 0.581714 0.494030 0.565489 0.495459 0.549264 0.494030 0.534145 0.489839 0.521162 0.483171 0.511199 0.474482 0.504937 0.464364 0.502801 0.453505 0.504937 0.442647 0.511199 0.432528 0.521162 0.423839 0.534145 0.417172 0.549264 0.412981 0.565489 0.411551 0.581714 0.412981 0.596833 0.417172 0.609816 0.423839 0.619779 0.432528 0.626041 0.442647
1 0.819474 0.103705 0.817926 0.112025 0.813385 0.119778 0.806161 0.126436 0.796747 0.131545 0.785784 0.134756 0.774020 0.135852 0.762255 0.134756 0.751293 0.131545 0.741879 0.126436 0.734655 0.119778 0.730114 0.112025 0.728565 0.103705 0.730114 0.095385 0.734655 0.087632 0.741879 0.080974 0.751293 0.075865 0.762255 0.072654 0.774020 0.071558 0.785784 0.072654 0.796747 0.075865 0.806161 0.080974 0.813385 0.087632 0.817926 0.095385
1 0.751400 0.146204 0.749690 0.153396 0.744676 0.160098 0.736699 0.165853 0.726303 0.170269 0.714198 0.173045 0.701206 0.173992 0.688215 0.173045 0.676109 0.170269 0.665714 0.165853 0.657737 0.160098 0.652723 0.153396 0.651012 0.146204 0.652723 0.139012 0.657737 0.132310 0.665714 0.126555 0.676109 0.122139 0.688215 0.119363 0.701206 0.118416 0.714198 0.119363 0.726303 0.122139 0.736699 0.126555 0.744676 0.132310 0.749690 0.139012
1 0.860836 0.166546 0.859184 0.174020 0.854342 0.180984 0.846639 0.186965 0.836601 0.191554 0.824910 0.194439 0.812365 0.195423 0.799820 0.194439 0.788130 0.191554 0.778092 0.186965 0.770389 0.180984 0.765546 0.174020 0.763895 0.166546 0.765546 0.159072 0.770389 0.152107 0.778092 0.146126 0.788130 0.141537 0.799820 0.138652 0.812365 0.137668 0.824910 0.138652 0.836601 0.141537 0.846639 0.146126 0.854342 0.152107 0.859184 0.159072
1 0.763464 0.204323 0.761739 0.212173 0.756682 0.219488 0.748636 0.225769 0.738152 0.230590 0.725942 0.233620 0.712839 0.234653 0.699737 0.233620 0.687527 0.230590 0.677042 0.225769 0.668997 0.219488 0.663940 0.212173 0.662215 0.204323 0.663940 0.196472 0.668997 0.189157 0.677042 0.182876 0.687527 0.178056 0.699737 0.175025 0.712839 0.173992 0.725942 0.175025 0.738152 0.178056 0.748636 0.182876 0.756682 0.189157 0.761739 0.196472
1 0.882809 0.239557 0.881113 0.248347 0.876142 0.256538 0.868234 0.263572 0.857928 0.268970 0.845926 0.272363 0.833046 0.273520 0.820166 0.272363 0.808165 0.268970 0.797858 0.263572 0.789950 0.256538 0.784979 0.248347 0.783283 0.239557 0.784979 0.230767 0.789950 0.222575 0.797858 0.215541 0.808165 0.210144 0.820166 0.206751 0.833046 0.205594 0.845926 0.206751 0.857928 0.210144 0.868234 0.215541 0.876142 0.222575 0.881113 0.230767
1 0.796209 0.288231 0.794351 0.297209 0.788907 0.305576 0.780245 0.312760 0.768957 0.318273 0.755812 0.321738 0.741706 0.322920 0.727600 0.321738 0.714455 0.318273 0.703167 0.312760 0.694506 0.305576 0.689061 0.297209 0.687204 0.288231 0.689061 0.279253 0.694506 0.270886 0.703167 0.263702 0.714455 0.258189 0.727600 0.254724 0.741706 0.253542 0.755812 0.254724 0.768957 0.258189 0.780245 0.263702 0.788907 0.270886 0.794351 0.279253
1 0.940543 0.305667 0.938583 0.315679 0.932837 0.325009 0.923696 0.333021 0.911784 0.339169 0.897911 0.343033 0.883025 0.344352 0.868138 0.343033 0.854265 0.339169 0.842353 0.333021 0.833212 0.325009 0.827466 0.315679 0.825506 0.305667 0.827466 0.295654 0.833212 0.286324 0.842353 0.278312 0.854265 0.272164 0.868138 0.268300 0.883025 0.266981 0.897911 0.268300 0.911784 0.272164 0.923696 0.278312 0.932837 0.286324 0.938583 0.295654
1 0.838001 0.360516 0.836305 0.371750 0.831334 0.382219 0.823426 0.391209 0.813119 0.398108 0.801117 0.402444 0.788238 0.403923 0.775358 0.402444 0.763356 0.398108 0.753050 0.391209 0.745142 0.382219 0.740170 0.371750 0.738475 0.360516 0.740170 0.349281 0.745142 0.338812 0.753050 0.329822 0.763356 0.322924 0.775358 0.318588 0.788238 0.317109 0.801117 0.318588 0.813119 0.322924 0.823426 0.329822 0.831334 0.338812 0.836305 0.349281
1 0.968117 0.398656 0.966128 0.406412 0.960296 0.413640 0.951018 0.419846 0.938927 0.424608 0.924847 0.427602 0.909737 0.428623 0.894627 0.427602 0.880547 0.424608 0.868456 0.419846 0.859179 0.413640 0.853346 0.406412 0.851357 0.398656 0.853346 0.390900 0.859179 0.383672 0.868456 0.377466 0.880547 0.372704 0.894627 0.369710 0.909737 0.368689 0.924847 0.369710 0.938927 0.372704 0.951018 0.377466 0.960296 0.383672 0.966128 0.390900
1 0.862128 0.448057 0.860359 0.458163 0.855173 0.467581 0.846922 0.475668 0.836170 0.481873 0.823648 0.485774 0.810211 0.487105 0.796774 0.485774 0.784252 0.481873 0.773500 0.475668 0.765249 0.467581 0.760063 0.458163 0.758294 0.448057 0.760063 0.437950 0.765249 0.428533 0.773500 0.420445 0.784252 0.414240 0.796774 0.410339 0.810211 0.409008 0.823648 0.410339 0.836170 0.414240 0.846922 0.420445 0.855173 0.428533 0.860359 0.437950
1 0.986213 0.488013 0.984121 0.499530 0.977987 0.510262 0.968230 0.519477 0.955515 0.526549 0.940707 0.530994 0.924817 0.532510 0.908926 0.530994 0.894119 0.526549 0.881403 0.519477 0.871646 0.510262 0.865513 0.499530 0.863421 0.488013 0.865513 0.476496 0.871646 0.465765 0.881403 0.456549 0.894119 0.449478 0.908926 0.445032 0.924817 0.443516 0.940707 0.445032 0.955515 0.449478 0.968230 0.456549 0.977987 0.465765 0.984121 0.476496
1 0.220164 0.759717 0.217866 0.773114 0.211130 0.785598 0.200415 0.796318 0.186450 0.804544 0.170187 0.809715 0.152736 0.811478 0.135284 0.809715 0.119022 0.804544 0.105057 0.796318 0.094342 0.785598 0.087606 0.773114 0.085308 0.759717 0.087606 0.746320 0.094342 0.733836 0.105057 0.723116 0.119022 0.714890 0.135284 0.709719 0.152736 0.707955 0.170187 0.709719 0.186450 0.714890 0.200415 0.723116 0.211130 0.733836 0.217866 0.746320
1 0.369668 0.740828 0.367473 0.754225 0.361039 0.766709 0.350802 0.777429 0.337462 0.785655 0.321927 0.790826 0.305256 0.792590 0.288585 0.790826 0.273050 0.785655 0.259710 0.777429 0.249474 0.766709 0.243039 0.754225 0.240844 0.740828 0.243039 0.727431 0.249474 0.714947 0.259710 0.704227 0.273050 0.696001 0.288585 0.690830 0.305256 0.689066 0.321927 0.690830 0.337462 0.696001 0.350802 0.704227 0.361039 0.714947 0.367473 0.727431
1 0.527790 0.739012 0.525580 0.750717 0.519102 0.761624 0.508798 0.770990 0.495368 0.778177 0.479730 0.782694 0.462947 0.784235 0.446164 0.782694 0.430526 0.778177 0.417096 0.770990 0.406792 0.761624 0.400314 0.750717 0.398104 0.739012 0.400314 0.727307 0.406792 0.716400 0.417096 0.707034 0.430526 0.699847 0.446164 0.695330 0.462947 0.693789 0.479730 0.695330 0.495368 0.699847 0.508798 0.707034 0.519102 0.716400 0.525580 0.727307
1 0.656614 0.736106 0.654551 0.750537 0.648503 0.763985 0.638883 0.775532 0.626346 0.784393 0.611747 0.789964 0.596079 0.791863 0.580412 0.789964 0.565812 0.784393 0.553275 0.775532 0.543655 0.763985 0.537608 0.750537 0.535545 0.736106 0.537608 0.721675 0.543655 0.708227 0.553275 0.696680 0.565812 0.687819 0.580412 0.682249 0.596079 0.680349 0.611747 0.682249 0.626346 0.687819 0.638883 0.696680 0.648503 0.708227 0.654551 0.721675
1 0.189143 0.892299 0.186757 0.905132 0.179763 0.917090 0.168636 0.927359 0.154136 0.935239 0.137250 0.940192 0.119130 0.941882 0.101009 0.940192 0.084123 0.935239 0.069623 0.927359 0.058497 0.917090 0.051502 0.905132 0.049117 0.892299 0.051502 0.879466 0.058497 0.867508 0.069623 0.857239 0.084123 0.849360 0.101009 0.844407 0.119130 0.842717 0.137250 0.844407 0.154136 0.849360 0.168636 0.857239 0.179763 0.867508 0.186757 0.879466
1 0.387333 0.883218 0.384859 0.897837 0.377607 0.911460 0.366070 0.923158 0.351034 0.932135 0.333525 0.937778 0.314735 0.939702 0.295945 0.937778 0.278436 0.932135 0.263400 0.923158 0.251863 0.911460 0.244611 0.897837 0.242137 0.883218 0.244611 0.868599 0.251863 0.854976 0.263400 0.843278 0.278436 0.834302 0.295945 0.828659 0.314735 0.826734 0.333525 0.828659 0.351034 0.834302 0.366070 0.843278 0.377607 0.854976 0.384859 0.868599
1 0.547178 0.875590 0.545013 0.889645 0.538664 0.902742 0.528565 0.913989 0.515403 0.922619 0.500076 0.928044 0.483628 0.929895 0.467180 0.928044 0.451853 0.922619 0.438691 0.913989 0.428592 0.902742 0.422243 0.889645 0.420078 0.875590 0.422243 0.861535 0.428592 0.848438 0.438691 0.837191 0.451853 0.828561 0.467180 0.823136 0.483628 0.821286 0.500076 0.823136 0.515403 0.828561 0.528565 0.837191 0.538664 0.848438 0.545013 0.861535
1 0.708746 0.887214 0.706317 0.900329 0.699193 0.912550 0.687861 0.923044 0.673093 0.931097 0.655896 0.936159 0.637441 0.937886 0.618986 0.936159 0.601788 0.931097 0.587020 0.923044 0.575688 0.912550 0.568565 0.900329 0.566135 0.887214 0.568565 0.874099 0.575688 0.861878 0.587020 0.851383 0.601788 0.843331 0.618986 0.838269 0.637441 0.836542 0.655896 0.838269 0.673093 0.843331 0.687861 0.851383 0.699193 0.861878 0.706317 0.874099
1 0.860405 0.912278 0.858049 0.927837 0.851140 0.942336 0.840151 0.954786 0.825829 0.964340 0.809151 0.970345 0.791254 0.972394 0.773356 0.970345 0.756678 0.964340 0.742356 0.954786 0.731367 0.942336 0.724459 0.927837 0.722103 0.912278 0.724459 0.896718 0.731367 0.882219 0.742356 0.869769 0.756678 0.860215 0.773356 0.854210 0.791254 0.852161 0.809151 0.854210 0.825829 0.860215 0.840151 0.869769 0.851140 0.882219 0.858049 0.896718
1 0.823352 0.750272 0.821010 0.766772 0.814145 0.782147 0.803224 0.795350 0.788992 0.805480 0.772418 0.811849 0.754632 0.814021 0.736845 0.811849 0.720271 0.805480 0.706039 0.795350 0.695118 0.782147 0.688253 0.766772 0.685911 0.750272 0.688253 0.733773 0.695118 0.718398 0.706039 0.705195 0.720271 0.695064 0.736845 0.688696 0.754632 0.686524 0.772418 0.688696 0.788992 0.695064 0.803224 0.705195 0.814145 0.718398 0.821010 0.733773
0 0.598746 0.019132 0.561482 0.025935 0.538733 0.067490 0.569884 0.092372 0.586558 0.095133 0.626411 0.082092 0.628221 0.037087 0.614218 0.022303
0 0.442309 0.100400 0.476389 0.150200 0.506032 0.157719 0.559802 0.140538 0.570185 0.088776 0.524601 0.059571
0 0.405256 0.103741 0.378113 0.134762 0.401379 0.146349 0.440844 0.140029 0.450883 0.131275 0.430073 0.111587
0 0.301293 0.049437 0.252219 0.073011 0.238733 0.094007 0.253770 0.130730 0.313744 0.149219 0.347566 0.139593 0.383455 0.105884 0.368333 0.074246
0 0.219561 0.116201 0.205515 0.121940 0.213399 0.138794 0.230849 0.136033 0.245842 0.119143 0.237785 0.115510
0 0.227488 0.169125 0.225765 0.197021 0.204653 0.212314 0.187204 0.196259 0.157561 0.200690 0.171176 0.162732 0.199431 0.155107
0 0.323395 0.155104 0.316502 0.170687 0.313141 0.201380 0.343214 0.194915 0.369237 0.200835 0.372813 0.172067 0.349505 0.151181
0 0.477079 0.154450 0.433003 0.156048 0.410556 0.169415 0.425032 0.195932 0.463723 0.205521 0.497975 0.199927 0.497587 0.173992
0 0.585437 0.168035 0.557734 0.169452 0.543990 0.186342 0.556958 0.207846 0.596209 0.197094
0 0.127962 0.206902 0.080612 0.230004 0.075743 0.289902 0.208014 0.287141 0.207066 0.233382 0.170530 0.210207
0 0.228733 0.199895 0.213787 0.221104 0.210254 0.255685 0.248858 0.284308 0.304438 0.263785 0.322490 0.212023 0.303274 0.191609 0.255278 0.187141
0 0.433218 0.190556 0.419561 0.187105 0.355321 0.200545 0.354028 0.267563 0.419604 0.282492 0.451874 0.271631 0.464929 0.235670 0.431926 0.221794
0 0.500819 0.209117 0.478328 0.220523 0.462128 0.246676 0.489272 0.290265 0.529772 0.292154 0.564153 0.270287 0.562645 0.246931 0.550582 0.218162
0 0.131452 0.373483 0.120465 0.398184 0.143645 0.413549 0.174782 0.409310 0.187893 0.387541 0.179922 0.370033
0 0.293537 0.341845 0.257863 0.348493 0.261525 0.387541 0.297889 0.382165 0.300603 0.366800 0.323309 0.362877
0 0.446058 0.327098 0.390651 0.323792 0.369151 0.354922 0.386299 0.378496 0.417794 0.382383 0.459974 0.349292
0 0.521715 0.319797 0.490478 0.342681 0.480913 0.361932 0.487807 0.390447 0.551831 0.399056 0.588539 0.365964 0.583240 0.340320
0 0.100388 0.440937 0.088195 0.460806 0.109780 0.501635 0.157561 0.500218 0.184963 0.473919 0.190220 0.443044 0.169194 0.427824
0 0.225894 0.454813 0.283585 0.486669 0.338819 0.473193 0.364929 0.435089 0.323826 0.388304 0.295002 0.381911 0.262645 0.389030
0 0.403361 0.435380 0.460793 0.430585 0.467729 0.459281 0.424946 0.497385 0.386041 0.466727
0 0.518440 0.395786 0.497156 0.482855 0.518957 0.496295 0.583154 0.499382 0.609996 0.494842 0.635200 0.459426 0.642568 0.428551 0.618526 0.400618 0.596984 0.387505
0 0.730332 0.088231 0.725420 0.121685 0.745110 0.139157 0.791822 0.132503 0.819948 0.094370 0.793710 0.074392 0.775355 0.070868
0 0.649203 0.119397 0.693839 0.106030 0.749332 0.135234 0.736364 0.168325 0.672081 0.171122
0 0.799224 0.118489 0.761654 0.136070 0.773287 0.195823 0.855967 0.175191 0.866178 0.151943 0.844894 0.123611
0 0.764067 0.171776 0.699612 0.157247 0.662215 0.195714 0.664067 0.223502 0.708272 0.237704 0.769237 0.214457
0 0.850022 0.170796 0.783412 0.185107 0.770788 0.211660 0.777337 0.246495 0.813442 0.276026 0.901551 0.246894 0.896898 0.189648
0 0.693365 0.234617 0.690090 0.279550 0.699052 0.311442 0.736493 0.323175 0.785222 0.297094 0.819647 0.257029 0.737872 0.226190
0 0.875011 0.277697 0.845627 0.289066 0.836967 0.322485 0.879405 0.340719 0.917536 0.323029 0.918009 0.294043
0 0.749246 0.331566 0.805558 0.316927 0.844033 0.340429 0.846704 0.375336 0.820250 0.399019 0.777897 0.404068 0.743903 0.384417
0 0.891960 0.369473 0.874252 0.378046 0.861870 0.417290 0.903705 0.430912 0.925377 0.430839 0.955278 0.396985 0.936734 0.367519
0 0.822447 0.364221 0.735459 0.403197 0.735502 0.436324 0.765618 0.486161 0.833735 0.493135 0.886471 0.420814
0 0.889186 0.456157 0.905816 0.507919 0.938776 0.511914 0.956183 0.491900 0.958983 0.460806
0 0.139595 0.708246 0.075442 0.742463 0.067686 0.772866 0.084360 0.806684 0.114433 0.826734 0.167945 0.820414 0.215812 0.768798 0.208832 0.718307
0 0.298234 0.697312 0.248772 0.730548 0.295993 0.800944 0.347182 0.769724 0.372469 0.709045
0 0.089013 0.862768 0.145584 0.847730 0.192159 0.892190 0.147178 0.945223 0.071047 0.935561 0.063550 0.896259
0 0.330418 0.851326 0.293667 0.846604 0.276605 0.910280 0.304524 0.914784 0.339595 0.892372 0.350108 0.877007
0 0.423826 0.703233 0.483111 0.711224 0.513916 0.732801 0.480310 0.765165 0.426368 0.753760
0 0.490651 0.847584 0.443214 0.842826 0.413486 0.860225 0.429470 0.921467 0.476045 0.926589 0.498837 0.906793
0 0.577984 0.674319 0.518354 0.761424 0.615683 0.787904 0.660146 0.753760 0.642999 0.684562
0 0.614089 0.845623 0.597975 0.897457 0.619991 0.924373 0.664670 0.904214 0.668979 0.865892
0 0.753598 0.856702 0.711676 0.925245 0.760750 0.973810 0.813227 0.974573 0.851573 0.947875 0.849677 0.889502 0.815338 0.856738
0 0.695605 0.729604 0.701551 0.771413 0.725808 0.785252 0.817019 0.769125 0.798621 0.698438 0.724386 0.692517
1 0.518930 0.055207 0.517294 0.062919 0.512499 0.070104 0.504872 0.076275 0.494932 0.081010 0.483356 0.083986 0.470934 0.085001 0.458512 0.083986 0.446936 0.081010 0.436996 0.076275 0.429368 0.070104 0.424573 0.062919 0.422938 0.055207 0.424573 0.047496 0.429368 0.040310 0.436996 0.034140 0.446936 0.029405 0.458512 0.026428 0.470934 0.025413 0.483356 0.026428 0.494932 0.029405 0.504872 0.034140 0.512499 0.040310 0.517294 0.047496