1 0.103003 0.238914 0.101504 0.257290 0.097109 0.274415 0.090117 0.289119 0.081006 0.300403 0.070395 0.307496 0.059009 0.309915 0.047623 0.307496 0.037012 0.300403 0.027901 0.289119 0.020909 0.274415 0.016514 0.257290 0.015015 0.238914 0.016514 0.220537 0.020909 0.203413 0.027901 0.188708 0.037012 0.177425 0.047623 0.170332 0.059009 0.167912 0.070395 0.170332 0.081006 0.177425 0.090117 0.188708 0.097109 0.203413 0.101504 0.220537
1 0.146847 0.075486 0.145399 0.093991 0.141154 0.111236 0.134401 0.126044 0.125601 0.137406 0.115352 0.144549 0.104354 0.146986 0.093356 0.144549 0.083108 0.137406 0.074308 0.126044 0.067555 0.111236 0.063310 0.093991 0.061862 0.075486 0.063310 0.056980 0.067555 0.039736 0.074308 0.024928 0.083108 0.013565 0.093356 0.006422 0.104354 0.003986 0.115352 0.006422 0.125601 0.013565 0.134401 0.024928 0.141154 0.039736 0.145399 0.056980
1 0.129730 0.430244 0.128220 0.448234 0.123795 0.464998 0.116756 0.479393 0.107583 0.490439 0.096900 0.497382 0.085435 0.499751 0.073971 0.497382 0.063288 0.490439 0.054115 0.479393 0.047075 0.464998 0.042650 0.448234 0.041141 0.430244 0.042650 0.412254 0.047075 0.395491 0.054115 0.381095 0.063288 0.370050 0.073971 0.363106 0.085435 0.360737 0.096900 0.363106 0.107583 0.370050 0.116756 0.381095 0.123795 0.395491 0.128220 0.412254
1 0.120120 0.704783 0.118764 0.722515 0.114789 0.739038 0.108466 0.753227 0.100225 0.764115 0.090629 0.770959 0.080330 0.773293 0.070032 0.770959 0.060435 0.764115 0.052195 0.753227 0.045871 0.739038 0.041896 0.722515 0.040541 0.704783 0.041896 0.687052 0.045871 0.670528 0.052195 0.656339 0.060435 0.645452 0.070032 0.638607 0.080330 0.636273 0.090629 0.638607 0.100225 0.645452 0.108466 0.656339 0.114789 0.670528 0.118764 0.687052
1 0.127928 0.874190 0.126644 0.892309 0.122879 0.909193 0.116889 0.923691 0.109084 0.934816 0.099995 0.941810 0.090240 0.944195 0.080486 0.941810 0.071396 0.934816 0.063591 0.923691 0.057602 0.909193 0.053837 0.892309 0.052553 0.874190 0.053837 0.856072 0.057602 0.839188 0.063591 0.824689 0.071396 0.813564 0.080486 0.806571 0.090240 0.804185 0.099995 0.806571 0.109084 0.813564 0.116889 0.824689 0.122879 0.839188 0.126644 0.856072
1 0.216817 0.884155 0.215533 0.901629 0.211768 0.917912 0.205778 0.931895 0.197973 0.942624 0.188883 0.949369 0.179129 0.951669 0.169375 0.949369 0.160285 0.942624 0.152480 0.931895 0.146491 0.917912 0.142726 0.901629 0.141441 0.884155 0.142726 0.866682 0.146491 0.850399 0.152480 0.836416 0.160285 0.825687 0.169375 0.818942 0.179129 0.816642 0.188883 0.818942 0.197973 0.825687 0.205778 0.836416 0.211768 0.850399 0.215533 0.866682
1 0.209309 0.702790 0.207882 0.721296 0.203697 0.738540 0.197039 0.753348 0.188363 0.764711 0.178260 0.771854 0.167417 0.774290 0.156575 0.771854 0.146471 0.764711 0.137795 0.753348 0.131138 0.738540 0.126953 0.721296 0.125526 0.702790 0.126953 0.684285 0.131138 0.667040 0.137795 0.652232 0.146471 0.640870 0.156575 0.633727 0.167417 0.631290 0.178260 0.633727 0.188363 0.640870 0.197039 0.652232 0.203697 0.667040 0.207882 0.684285
1 0.208709 0.552317 0.207343 0.570049 0.203338 0.586572 0.196967 0.600761 0.188664 0.611648 0.178995 0.618493 0.168619 0.620827 0.158243 0.618493 0.148574 0.611648 0.140271 0.600761 0.133900 0.586572 0.129895 0.570049 0.128529 0.552317 0.129895 0.534585 0.133900 0.518062 0.140271 0.503873 0.148574 0.492985 0.158243 0.486141 0.168619 0.483807 0.178995 0.486141 0.188664 0.492985 0.196967 0.503873 0.203338 0.518062 0.207343 0.534585
1 0.229129 0.403837 0.227763 0.421697 0.223758 0.438341 0.217387 0.452633 0.209084 0.463600 0.199415 0.470494 0.189039 0.472845 0.178663 0.470494 0.168994 0.463600 0.160691 0.452633 0.154320 0.438341 0.150315 0.421697 0.148949 0.403837 0.150315 0.385976 0.154320 0.369332 0.160691 0.355040 0.168994 0.344073 0.178663 0.337180 0.189039 0.334828 0.199415 0.337180 0.209084 0.344073 0.217387 0.355040 0.223758 0.369332 0.227763 0.385976
1 0.213514 0.262332 0.212178 0.280708 0.208263 0.297833 0.202035 0.312537 0.193919 0.323821 0.184467 0.330914 0.174324 0.333333 0.164181 0.330914 0.154730 0.323821 0.146613 0.312537 0.140385 0.297833 0.136470 0.280708 0.135135 0.262332 0.136470 0.243955 0.140385 0.226831 0.146613 0.212126 0.154730 0.200843 0.164181 0.193750 0.174324 0.191330 0.184467 0.193750 0.193919 0.200843 0.202035 0.212126 0.208263 0.226831 0.212178 0.243955
1 0.236036 0.103886 0.234629 0.122392 0.230504 0.139636 0.223942 0.154444 0.215390 0.165807 0.205432 0.172950 0.194745 0.175386 0.184058 0.172950 0.174099 0.165807 0.165547 0.154444 0.158985 0.139636 0.154860 0.122392 0.153453 0.103886 0.154860 0.085381 0.158985 0.068137 0.165547 0.053328 0.174099 0.041966 0.184058 0.034823 0.194745 0.032387 0.205432 0.034823 0.215390 0.041966 0.223942 0.053328 0.230504 0.068137 0.234629 0.085381
1 0.337838 0.194071 0.336318 0.212834 0.331863 0.230319 0.324776 0.245333 0.315541 0.256854 0.304785 0.264097 0.293243 0.266567 0.281701 0.264097 0.270946 0.256854 0.261710 0.245333 0.254623 0.230319 0.250168 0.212834 0.248649 0.194071 0.250168 0.175307 0.254623 0.157823 0.261710 0.142808 0.270946 0.131287 0.281701 0.124045 0.293243 0.121574 0.304785 0.124045 0.315541 0.131287 0.324776 0.142808 0.331863 0.157823 0.336318 0.175307
1 0.333934 0.374938 0.332476 0.392927 0.328201 0.409691 0.321400 0.424086 0.312538 0.435132 0.302217 0.442076 0.291141 0.444444 0.280066 0.442076 0.269745 0.435132 0.260882 0.424086 0.254081 0.409691 0.249806 0.392927 0.248348 0.374938 0.249806 0.356948 0.254081 0.340184 0.260882 0.325789 0.269745 0.314743 0.280066 0.307799 0.291141 0.305431 0.302217 0.307799 0.312538 0.314743 0.321400 0.325789 0.328201 0.340184 0.332476 0.356948
1 0.303604 0.513951 0.302166 0.532328 0.297951 0.549452 0.291246 0.564157 0.282508 0.575440 0.272332 0.582533 0.261411 0.584953 0.250491 0.582533 0.240315 0.575440 0.231577 0.564157 0.224872 0.549452 0.220657 0.532328 0.219219 0.513951 0.220657 0.495575 0.224872 0.478450 0.231577 0.463746 0.240315 0.452462 0.250491 0.445369 0.261411 0.442950 0.272332 0.445369 0.282508 0.452462 0.291246 0.463746 0.297951 0.478450 0.302166 0.495575
1 0.297898 0.691829 0.296593 0.708658 0.292768 0.724340 0.286684 0.737806 0.278754 0.748140 0.269519 0.754635 0.259610 0.756851 0.249700 0.754635 0.240465 0.748140 0.232536 0.737806 0.226451 0.724340 0.222626 0.708658 0.221321 0.691829 0.222626 0.675000 0.226451 0.659317 0.232536 0.645851 0.240465 0.635518 0.249700 0.629022 0.259610 0.626806 0.269519 0.629022 0.278754 0.635518 0.286684 0.645851 0.292768 0.659317 0.296593 0.675000
1 0.314414 0.877180 0.313007 0.895170 0.308882 0.911933 0.302320 0.926329 0.293769 0.937374 0.283810 0.944318 0.273123 0.946687 0.262436 0.944318 0.252477 0.937374 0.243926 0.926329 0.237364 0.911933 0.233239 0.895170 0.231832 0.877180 0.233239 0.859190 0.237364 0.842427 0.243926 0.828031 0.252477 0.816985 0.262436 0.810042 0.273123 0.807673 0.283810 0.810042 0.293769 0.816985 0.302320 0.828031 0.308882 0.842427 0.313007 0.859190
1 0.418318 0.255855 0.416809 0.275521 0.412384 0.293847 0.405345 0.309583 0.396171 0.321659 0.385488 0.329249 0.374024 0.331839 0.362560 0.329249 0.351877 0.321659 0.342703 0.309583 0.335664 0.293847 0.331239 0.275521 0.329730 0.255855 0.331239 0.236188 0.335664 0.217862 0.342703 0.202126 0.351877 0.190050 0.362560 0.182460 0.374024 0.179870 0.385488 0.182460 0.396171 0.190050 0.405345 0.202126 0.412384 0.217862 0.416809 0.236188
1 0.425225 0.426258 0.423726 0.445795 0.419331 0.464001 0.412340 0.479635 0.403228 0.491631 0.392618 0.499172 0.381231 0.501744 0.369845 0.499172 0.359234 0.491631 0.350123 0.479635 0.343131 0.464001 0.338736 0.445795 0.337237 0.426258 0.338736 0.406721 0.343131 0.388515 0.350123 0.372882 0.359234 0.360885 0.369845 0.353344 0.381231 0.350772 0.392618 0.353344 0.403228 0.360885 0.412340 0.372882 0.419331 0.388515 0.423726 0.406721
1 0.410210 0.587693 0.408752 0.606585 0.404477 0.624190 0.397676 0.639308 0.388814 0.650908 0.378493 0.658200 0.367417 0.660688 0.356342 0.658200 0.346021 0.650908 0.337158 0.639308 0.330358 0.624190 0.326083 0.606585 0.324625 0.587693 0.326083 0.568801 0.330358 0.551196 0.337158 0.536078 0.346021 0.524478 0.356342 0.517186 0.367417 0.514699 0.378493 0.517186 0.388814 0.524478 0.397676 0.536078 0.404477 0.551196 0.408752 0.568801
1 0.393393 0.735177 0.391945 0.753296 0.387700 0.770179 0.380948 0.784678 0.372147 0.795803 0.361899 0.802796 0.350901 0.805182 0.339903 0.802796 0.329655 0.795803 0.320854 0.784678 0.314101 0.770179 0.309856 0.753296 0.308408 0.735177 0.309856 0.717058 0.314101 0.700174 0.320854 0.685676 0.329655 0.674551 0.339903 0.667557 0.350901 0.665172 0.361899 0.667557 0.372147 0.674551 0.380948 0.685676 0.387700 0.700174 0.391945 0.717058
1 0.399700 0.893124 0.398293 0.911114 0.394168 0.927877 0.387606 0.942273 0.379054 0.953319 0.369095 0.960262 0.358408 0.962631 0.347721 0.960262 0.337763 0.953319 0.329211 0.942273 0.322649 0.927877 0.318524 0.911114 0.317117 0.893124 0.318524 0.875134 0.322649 0.858371 0.329211 0.843975 0.337763 0.832929 0.347721 0.825986 0.358408 0.823617 0.369095 0.825986 0.379054 0.832929 0.387606 0.843975 0.394168 0.858371 0.398293 0.875134
1 0.481682 0.749626 0.480254 0.767745 0.476069 0.784629 0.469412 0.799127 0.460736 0.810252 0.450632 0.817246 0.439790 0.819631 0.428947 0.817246 0.418844 0.810252 0.410168 0.799127 0.403510 0.784629 0.399325 0.767745 0.397898 0.749626 0.399325 0.731508 0.403510 0.714624 0.410168 0.700125 0.418844 0.689000 0.428947 0.682007 0.439790 0.679621 0.450632 0.682007 0.460736 0.689000 0.469412 0.700125 0.476069 0.714624 0.480254 0.731508
1 0.502703 0.531888 0.501173 0.550910 0.496688 0.568635 0.489553 0.583856 0.480255 0.595535 0.469427 0.602877 0.457808 0.605381 0.446188 0.602877 0.435360 0.595535 0.426062 0.583856 0.418928 0.568635 0.414443 0.550910 0.412913 0.531888 0.414443 0.512867 0.418928 0.495142 0.426062 0.479921 0.435360 0.468242 0.446188 0.460900 0.457808 0.458396 0.469427 0.460900 0.480255 0.468242 0.489553 0.479921 0.496688 0.495142 0.501173 0.512867
1 0.502102 0.336572 0.500552 0.356496 0.496007 0.375062 0.488777 0.391005 0.479354 0.403239 0.468382 0.410930 0.456607 0.413553 0.444832 0.410930 0.433859 0.403239 0.424436 0.391005 0.417206 0.375062 0.412661 0.356496 0.411111 0.336572 0.412661 0.316648 0.417206 0.298082 0.424436 0.282139 0.433859 0.269905 0.444832 0.262214 0.456607 0.259591 0.468382 0.262214 0.479354 0.269905 0.488777 0.282139 0.496007 0.298082 0.500552 0.316648
1 0.589489 0.416791 0.587950 0.435942 0.583434 0.453787 0.576252 0.469111 0.566892 0.480869 0.555992 0.488261 0.544294 0.490782 0.532597 0.488261 0.521697 0.480869 0.512336 0.469111 0.505154 0.453787 0.500639 0.435942 0.499099 0.416791 0.500639 0.397641 0.505154 0.379796 0.512336 0.364472 0.521697 0.352713 0.532597 0.345321 0.544294 0.342800 0.555992 0.345321 0.566892 0.352713 0.576252 0.364472 0.583434 0.379796 0.587950 0.397641
1 0.589790 0.577728 0.588240 0.596749 0.583695 0.614474 0.576464 0.629695 0.567042 0.641375 0.556069 0.648717 0.544294 0.651221 0.532519 0.648717 0.521547 0.641375 0.512124 0.629695 0.504894 0.614474 0.500349 0.596749 0.498799 0.577728 0.500349 0.558707 0.504894 0.540982 0.512124 0.525761 0.521547 0.514081 0.532519 0.506739 0.544294 0.504235 0.556069 0.506739 0.567042 0.514081 0.576464 0.525761 0.583695 0.540982 0.588240 0.558707
1 0.588288 0.754111 0.586738 0.772745 0.582193 0.790110 0.574963 0.805021 0.565541 0.816463 0.554568 0.823655 0.542793 0.826109 0.531018 0.823655 0.520045 0.816463 0.510623 0.805021 0.503393 0.790110 0.498848 0.772745 0.497297 0.754111 0.498848 0.735476 0.503393 0.718112 0.510623 0.703200 0.520045 0.691759 0.531018 0.684566 0.542793 0.682113 0.554568 0.684566 0.565541 0.691759 0.574963 0.703200 0.582193 0.718112 0.586738 0.735476
1 0.588589 0.918037 0.587049 0.936671 0.582534 0.954036 0.575351 0.968947 0.565991 0.980389 0.555091 0.987582 0.543393 0.990035 0.531696 0.987582 0.520796 0.980389 0.511436 0.968947 0.504253 0.954036 0.499738 0.936671 0.498198 0.918037 0.499738 0.899402 0.504253 0.882038 0.511436 0.867127 0.520796 0.855685 0.531696 0.848492 0.543393 0.846039 0.555091 0.848492 0.565991 0.855685 0.575351 0.867127 0.582534 0.882038 0.587049 0.899402
1 0.675375 0.498007 0.673846 0.517028 0.669361 0.534753 0.662226 0.549974 0.652928 0.561654 0.642100 0.568996 0.630480 0.571500 0.618861 0.568996 0.608033 0.561654 0.598735 0.549974 0.591600 0.534753 0.587115 0.517028 0.585586 0.498007 0.587115 0.478986 0.591600 0.461261 0.598735 0.446040 0.608033 0.434360 0.618861 0.427018 0.630480 0.424514 0.642100 0.427018 0.652928 0.434360 0.662226 0.446040 0.669361 0.461261 0.673846 0.478986
1 0.769069 0.589686 0.767509 0.609352 0.762934 0.627678 0.755656 0.643415 0.746171 0.655490 0.735126 0.663081 0.723273 0.665670 0.711420 0.663081 0.700375 0.655490 0.690891 0.643415 0.683613 0.627678 0.679038 0.609352 0.677477 0.589686 0.679038 0.570020 0.683613 0.551694 0.690891 0.535957 0.700375 0.523882 0.711420 0.516291 0.723273 0.513702 0.735126 0.516291 0.746171 0.523882 0.755656 0.535957 0.762934 0.551694 0.767509 0.570020
1 0.689790 0.716243 0.688240 0.735651 0.683695 0.753737 0.676464 0.769267 0.667042 0.781184 0.656069 0.788676 0.644294 0.791231 0.632519 0.788676 0.621547 0.781184 0.612124 0.769267 0.604894 0.753737 0.600349 0.735651 0.598799 0.716243 0.600349 0.696835 0.604894 0.678749 0.612124 0.663219 0.621547 0.651302 0.632519 0.643811 0.644294 0.641256 0.656069 0.643811 0.667042 0.651302 0.676464 0.663219 0.683695 0.678749 0.688240 0.696835
1 0.675075 0.887145 0.673607 0.905522 0.669302 0.922646 0.662453 0.937351 0.653529 0.948634 0.643135 0.955727 0.631982 0.958146 0.620829 0.955727 0.610435 0.948634 0.601511 0.937351 0.594662 0.922646 0.590357 0.905522 0.588889 0.887145 0.590357 0.868768 0.594662 0.851644 0.601511 0.836939 0.610435 0.825656 0.620829 0.818563 0.631982 0.816144 0.643135 0.818563 0.653529 0.825656 0.662453 0.836939 0.669302 0.851644 0.673607 0.868768
1 0.783784 0.743647 0.782172 0.762798 0.777447 0.780643 0.769931 0.795967 0.760135 0.807725 0.748728 0.815117 0.736486 0.817638 0.724245 0.815117 0.712838 0.807725 0.703042 0.795967 0.695526 0.780643 0.690801 0.762798 0.689189 0.743647 0.690801 0.724497 0.695526 0.706652 0.703042 0.691328 0.712838 0.679569 0.724245 0.672177 0.736486 0.669656 0.748728 0.672177 0.760135 0.679569 0.769931 0.691328 0.777447 0.706652 0.782172 0.724497
1 0.772973 0.897608 0.771464 0.916114 0.767039 0.933358 0.759999 0.948166 0.750826 0.959529 0.740143 0.966672 0.728679 0.969108 0.717214 0.966672 0.706532 0.959529 0.697358 0.948166 0.690319 0.933358 0.685894 0.916114 0.684384 0.897608 0.685894 0.879103 0.690319 0.861858 0.697358 0.847050 0.706532 0.835688 0.717214 0.828545 0.728679 0.826109 0.740143 0.828545 0.750826 0.835688 0.759999 0.847050 0.767039 0.861858 0.771464 0.879103
1 0.870871 0.884654 0.869198 0.904965 0.864293 0.923891 0.856490 0.940144 0.846321 0.952615 0.834480 0.960455 0.821772 0.963129 0.809064 0.960455 0.797222 0.952615 0.787053 0.940144 0.779251 0.923891 0.774346 0.904965 0.772673 0.884654 0.774346 0.864343 0.779251 0.845416 0.787053 0.829163 0.797222 0.816692 0.809064 0.808852 0.821772 0.806178 0.834480 0.808852 0.846321 0.816692 0.856490 0.829163 0.864293 0.845416 0.869198 0.864343
1 0.979279 0.890135 0.977637 0.909285 0.972822 0.927130 0.965162 0.942454 0.955180 0.954213 0.943556 0.961604 0.931081 0.964126 0.918606 0.961604 0.906982 0.954213 0.897000 0.942454 0.889340 0.927130 0.884525 0.909285 0.882883 0.890135 0.884525 0.870984 0.889340 0.853139 0.897000 0.837815 0.906982 0.826056 0.918606 0.818665 0.931081 0.816144 0.943556 0.818665 0.955180 0.826056 0.965162 0.837815 0.972822 0.853139 0.977637 0.870984
0 0.051922 0.897658 0.085676 0.935326 0.107748 0.918585 0.112733 0.878475 0.073754 0.838615
0 0.124685 0.958844 0.172583 0.991530 0.215435 0.953313 0.234054 0.882760 0.152823 0.792925 0.128949 0.809018 0.116456 0.925610
0 0.276877 0.778376 0.235375 0.805630 0.227838 0.896612 0.270120 0.945391 0.309009 0.911111 0.321772 0.851669
0 0.339279 0.885501 0.357177 0.929347 0.384474 0.917588 0.383213 0.848829 0.376787 0.834081 0.347177 0.831739
0 0.516036 0.898107 0.514835 0.957200 0.545195 0.994868 0.570000 0.938216 0.555856 0.899053
0 0.595165 0.878276 0.620060 0.974041 0.657387 0.951221 0.666967 0.886547 0.661441 0.834828 0.619159 0.817190
0 0.751411 0.795665 0.677838 0.824016 0.687958 0.971898 0.763483 0.984604 0.794625 0.892377
0 0.749730 0.953313 0.786306 0.789138 0.806577 0.750872 0.865526 0.800897 0.897838 0.940608 0.861141 1.000000
0 1.000000 0.870055 0.988168 0.950673 0.931592 1.000000 0.870901 0.920478 0.920691 0.832088
0 0.770601 0.703787 0.782372 0.733732 0.751622 0.813901 0.712613 0.797359 0.698739 0.713453 0.719129 0.684853
0 0.670300 0.742800 0.641021 0.758047 0.616847 0.729098 0.626847 0.673044 0.660210 0.679123
0 0.686126 0.655904 0.736907 0.684255 0.775015 0.618485 0.779279 0.568460 0.724144 0.518137 0.681141 0.543448
0 0.514204 0.677329 0.574655 0.674041 0.604024 0.789238 0.553393 0.849128 0.529039 0.854609 0.490661 0.805630 0.498288 0.726109
0 0.454174 0.774639 0.460841 0.750872 0.457057 0.721724 0.439009 0.726408 0.429700 0.746736 0.433694 0.782063
0 0.360390 0.812207 0.364835 0.725212 0.320300 0.673194 0.309309 0.742601 0.320240 0.775486
0 0.223544 0.714798 0.255105 0.738117 0.278168 0.728102 0.273754 0.688191 0.249580 0.653662
0 0.127477 0.658545 0.184084 0.665272 0.193634 0.696961 0.184955 0.763378 0.147267 0.767215 0.126336 0.756951 0.119580 0.710762
0 0.089069 0.689935 0.097207 0.708719 0.088979 0.725162 0.077778 0.717240 0.074144 0.700548
0 0.069129 0.535277 0.141832 0.672147 0.237868 0.638565 0.240450 0.526906 0.177057 0.419781
0 0.230060 0.428201 0.206336 0.492128 0.214715 0.602491 0.272012 0.628401 0.300270 0.531191 0.291231 0.445391
0 0.350450 0.655556 0.408318 0.631639 0.424204 0.567115 0.355225 0.507125 0.326156 0.602890
0 0.413724 0.517190 0.431562 0.450125 0.502553 0.501594 0.499640 0.580319 0.489760 0.601943 0.445225 0.614798
0 0.500210 0.638964 0.561652 0.680219 0.591141 0.626208 0.598799 0.566617 0.593724 0.536721 0.557387 0.498007 0.502492 0.506178
0 0.630871 0.538964 0.597417 0.532038 0.591712 0.487145 0.612673 0.454459 0.645526 0.463627 0.642282 0.507324
0 0.534835 0.433832 0.559550 0.444444 0.561381 0.402641 0.554535 0.387045 0.541321 0.394968
0 0.437628 0.413403 0.494054 0.330643 0.485826 0.259641 0.425225 0.249477 0.406547 0.337867 0.409550 0.368909
0 0.339459 0.371300 0.417447 0.358296 0.424715 0.486896 0.381772 0.498455 0.327748 0.454310
0 0.297207 0.381116 0.276126 0.379073 0.274655 0.349726 0.300090 0.357598 0.302553 0.370653
0 0.146276 0.446986 0.148679 0.392277 0.181381 0.380967 0.197598 0.397857 0.198679 0.434031 0.161892 0.462332
0 0.083994 0.364973 0.035766 0.403538 0.063694 0.487992 0.109910 0.476682 0.128529 0.443996 0.110601 0.386896
0 0.146216 0.295566 0.163874 0.323866 0.207117 0.299701 0.197447 0.243398 0.166997 0.233134 0.140751 0.236024
0 0.360871 0.184454 0.412462 0.228351 0.416637 0.254758 0.355285 0.302392 0.328258 0.279173 0.326066 0.238166
0 0.287357 0.261286 0.330571 0.261435 0.348619 0.192377 0.336757 0.129895 0.264745 0.140708 0.245135 0.221126
0 0.167898 0.045491 0.143483 0.058495 0.148258 0.141256 0.206156 0.203687 0.238889 0.182561 0.239850 0.154360 0.225556 0.089038 0.217087 0.055904
0 0.112462 0.060737 0.117718 0.080319 0.117267 0.099801 0.109279 0.101893 0.084565 0.068460 0.102012 0.054509
0 0.001652 0.170802 0.000000 0.263179 0.021411 0.337818 0.102102 0.332985 0.113934 0.213951 0.067718 0.171898
