1 0.098576 0.076048 0.096983 0.093481 0.092313 0.109726 0.084883 0.123676 0.075201 0.134380 0.063926 0.141109 0.051827 0.143404 0.039727 0.141109 0.028452 0.134380 0.018770 0.123676 0.011340 0.109726 0.006670 0.093481 0.005077 0.076048 0.006670 0.058614 0.011340 0.042369 0.018770 0.028419 0.028452 0.017715 0.039727 0.010986 0.051827 0.008691 0.063926 0.010986 0.075201 0.017715 0.084883 0.028419 0.092313 0.042369 0.096983 0.058614
1 0.200114 0.096844 0.198615 0.114358 0.194219 0.130678 0.187227 0.144692 0.178114 0.155445 0.167502 0.162205 0.156114 0.164511 0.144726 0.162205 0.134114 0.155445 0.125002 0.144692 0.118009 0.130678 0.113614 0.114358 0.112114 0.096844 0.113614 0.079331 0.118009 0.063011 0.125002 0.048997 0.134114 0.038243 0.144726 0.031483 0.156114 0.029177 0.167502 0.031483 0.178114 0.038243 0.187227 0.048997 0.194219 0.063011 0.198615 0.079331
1 0.291075 0.110812 0.289489 0.127763 0.284840 0.143559 0.277444 0.157123 0.267806 0.167532 0.256581 0.174075 0.244537 0.176306 0.232492 0.174075 0.221267 0.167532 0.211629 0.157123 0.204233 0.143559 0.199584 0.127763 0.197998 0.110812 0.199584 0.093861 0.204233 0.078065 0.211629 0.064501 0.221267 0.054093 0.232492 0.047550 0.244537 0.045318 0.256581 0.047550 0.267806 0.054093 0.277444 0.064501 0.284840 0.078065 0.289489 0.093861
1 0.368968 0.166994 0.367489 0.183883 0.363152 0.199621 0.356253 0.213136 0.347262 0.223506 0.336791 0.230025 0.325555 0.232248 0.314319 0.230025 0.303849 0.223506 0.294857 0.213136 0.287958 0.199621 0.283621 0.183883 0.282142 0.166994 0.283621 0.150105 0.287958 0.134367 0.294857 0.120853 0.303849 0.110483 0.314319 0.103964 0.325555 0.101740 0.336791 0.103964 0.347262 0.110483 0.356253 0.120853 0.363152 0.134367 0.367489 0.150105
1 0.447189 0.242111 0.445704 0.258339 0.441351 0.273461 0.434425 0.286447 0.425400 0.296411 0.414891 0.302675 0.403612 0.304811 0.392334 0.302675 0.381824 0.296411 0.372799 0.286447 0.365874 0.273461 0.361520 0.258339 0.360036 0.242111 0.361520 0.225883 0.365874 0.210760 0.372799 0.197775 0.381824 0.187810 0.392334 0.181547 0.403612 0.179410 0.414891 0.181547 0.425400 0.187810 0.434425 0.197775 0.441351 0.210760 0.445704 0.225883
1 0.537726 0.266943 0.536270 0.282849 0.532002 0.297672 0.525211 0.310400 0.516361 0.320167 0.506056 0.326307 0.494996 0.328401 0.483937 0.326307 0.473631 0.320167 0.464781 0.310400 0.457990 0.297672 0.453722 0.282849 0.452266 0.266943 0.453722 0.251036 0.457990 0.236213 0.464781 0.223485 0.473631 0.213718 0.483937 0.207578 0.494996 0.205484 0.506056 0.207578 0.516361 0.213718 0.525211 0.223485 0.532002 0.236213 0.536270 0.251036
1 0.186575 0.290843 0.185076 0.307473 0.180681 0.322969 0.173688 0.336277 0.164576 0.346487 0.153964 0.352906 0.142576 0.355096 0.131188 0.352906 0.120576 0.346487 0.111463 0.336277 0.104471 0.322969 0.100075 0.307473 0.098576 0.290843 0.100075 0.274213 0.104471 0.258717 0.111463 0.245410 0.120576 0.235199 0.131188 0.228780 0.142576 0.226591 0.153964 0.228780 0.164576 0.235199 0.173688 0.245410 0.180681 0.258717 0.185076 0.274213
1 0.277959 0.244904 0.276482 0.261373 0.272150 0.276720 0.265258 0.289899 0.256277 0.300011 0.245818 0.306368 0.234594 0.308536 0.223371 0.306368 0.212912 0.300011 0.203931 0.289899 0.197039 0.276720 0.192707 0.261373 0.191229 0.244904 0.192707 0.228435 0.197039 0.213088 0.203931 0.199910 0.212912 0.189798 0.223371 0.183441 0.234594 0.181273 0.245818 0.183441 0.256277 0.189798 0.265258 0.199910 0.272150 0.213088 0.276482 0.228435
1 0.361305 0.301086 0.359820 0.317154 0.355467 0.332126 0.348542 0.344983 0.339517 0.354849 0.329007 0.361051 0.317728 0.363166 0.306450 0.361051 0.295940 0.354849 0.286915 0.344983 0.279990 0.332126 0.275637 0.317154 0.274152 0.301086 0.275637 0.285019 0.279990 0.270046 0.286915 0.257189 0.295940 0.247324 0.306450 0.241122 0.317728 0.239007 0.329007 0.241122 0.339517 0.247324 0.348542 0.257189 0.355467 0.270046 0.359820 0.285019
1 0.452689 0.368753 0.451225 0.384981 0.446936 0.400103 0.440111 0.413089 0.431218 0.423053 0.420861 0.429317 0.409747 0.431454 0.398633 0.429317 0.388276 0.423053 0.379382 0.413089 0.372558 0.400103 0.368268 0.384981 0.366805 0.368753 0.368268 0.352525 0.372558 0.337403 0.379382 0.324417 0.388276 0.314453 0.398633 0.308189 0.409747 0.306053 0.420861 0.308189 0.431218 0.314453 0.440111 0.324417 0.446936 0.337403 0.451225 0.352525
1 0.632072 0.390481 0.630630 0.406388 0.626404 0.421210 0.619680 0.433939 0.610918 0.443706 0.600714 0.449846 0.589765 0.451940 0.578815 0.449846 0.568611 0.443706 0.559849 0.433939 0.553125 0.421210 0.548899 0.406388 0.547457 0.390481 0.548899 0.374574 0.553125 0.359752 0.559849 0.347023 0.568611 0.337256 0.578815 0.331116 0.589765 0.329022 0.600714 0.331116 0.610918 0.337256 0.619680 0.347023 0.626404 0.359752 0.630630 0.374574
1 0.717956 0.415623 0.716500 0.431289 0.712231 0.445887 0.705440 0.458423 0.696591 0.468042 0.686285 0.474089 0.675225 0.476151 0.664166 0.474089 0.653860 0.468042 0.645010 0.458423 0.638220 0.445887 0.633951 0.431289 0.632495 0.415623 0.633951 0.399958 0.638220 0.385359 0.645010 0.372824 0.653860 0.363205 0.664166 0.357158 0.675225 0.355096 0.686285 0.357158 0.696591 0.363205 0.705440 0.372824 0.712231 0.385359 0.716500 0.399958
1 0.807224 0.426798 0.805869 0.441981 0.801896 0.456130 0.795576 0.468280 0.787340 0.477603 0.777748 0.483464 0.767455 0.485463 0.757162 0.483464 0.747571 0.477603 0.739335 0.468280 0.733015 0.456130 0.729042 0.441981 0.727687 0.426798 0.729042 0.411614 0.733015 0.397465 0.739335 0.385315 0.747571 0.375992 0.757162 0.370131 0.767455 0.368132 0.777748 0.370131 0.787340 0.375992 0.795576 0.385315 0.801896 0.397465 0.805869 0.411614
1 0.904954 0.484221 0.903635 0.499807 0.899768 0.514330 0.893616 0.526801 0.885599 0.536371 0.876262 0.542387 0.866243 0.544439 0.856224 0.542387 0.846887 0.536371 0.838870 0.526801 0.832718 0.514330 0.828851 0.499807 0.827532 0.484221 0.828851 0.468636 0.832718 0.454113 0.838870 0.441641 0.846887 0.432072 0.856224 0.426056 0.866243 0.424004 0.876262 0.426056 0.885599 0.432072 0.893616 0.441641 0.899768 0.454113 0.903635 0.468636
1 0.992044 0.495504 0.990716 0.511288 0.986823 0.525996 0.980629 0.538627 0.972558 0.548318 0.963159 0.554411 0.953072 0.556489 0.942985 0.554411 0.933586 0.548318 0.925515 0.538627 0.919321 0.525996 0.915428 0.511288 0.914100 0.495504 0.915428 0.479720 0.919321 0.465012 0.925515 0.452381 0.933586 0.442690 0.942985 0.436597 0.953072 0.434519 0.963159 0.436597 0.972558 0.442690 0.980629 0.452381 0.986823 0.465012 0.990716 0.479720
1 0.270456 0.370436 0.268996 0.386647 0.264715 0.401753 0.257906 0.414725 0.249032 0.424679 0.238698 0.430936 0.227609 0.433071 0.216519 0.430936 0.206185 0.424679 0.197311 0.414725 0.190502 0.401753 0.186222 0.386647 0.184762 0.370436 0.186222 0.354224 0.190502 0.339118 0.197311 0.326146 0.206185 0.316192 0.216519 0.309935 0.227609 0.307800 0.238698 0.309935 0.249032 0.316192 0.257906 0.326146 0.264715 0.339118 0.268996 0.354224
1 0.364070 0.432774 0.362560 0.449412 0.358134 0.464915 0.351093 0.478229 0.341918 0.488445 0.331232 0.494866 0.319766 0.497057 0.308299 0.494866 0.297614 0.488445 0.288438 0.478229 0.281397 0.464915 0.276971 0.449412 0.275462 0.432774 0.276971 0.416136 0.281397 0.400632 0.288438 0.387319 0.297614 0.377103 0.308299 0.370681 0.319766 0.368491 0.331232 0.370681 0.341918 0.377103 0.351093 0.387319 0.358134 0.400632 0.362560 0.416136
1 0.453677 0.491812 0.452220 0.507842 0.447946 0.522780 0.441148 0.535608 0.432289 0.545450 0.421972 0.551638 0.410901 0.553748 0.399830 0.551638 0.389513 0.545450 0.380654 0.535608 0.373856 0.522780 0.369583 0.507842 0.368125 0.491812 0.369583 0.475781 0.373856 0.460843 0.380654 0.448016 0.389513 0.438173 0.399830 0.431985 0.410901 0.429875 0.421972 0.431985 0.432289 0.438173 0.441148 0.448016 0.447946 0.460843 0.452220 0.475781
1 0.545956 0.526383 0.544593 0.541219 0.540595 0.555044 0.534236 0.566916 0.525948 0.576025 0.516296 0.581752 0.505939 0.583705 0.495581 0.581752 0.485930 0.576025 0.477642 0.566916 0.471282 0.555044 0.467285 0.541219 0.465921 0.526383 0.467285 0.511547 0.471282 0.497722 0.477642 0.485850 0.485930 0.476741 0.495581 0.471014 0.505939 0.469061 0.516296 0.471014 0.525948 0.476741 0.534236 0.485850 0.540595 0.497722 0.544593 0.511547
1 0.639808 0.512751 0.638403 0.528040 0.634287 0.542286 0.627738 0.554520 0.619203 0.563907 0.609264 0.569808 0.598599 0.571821 0.587933 0.569808 0.577994 0.563907 0.569460 0.554520 0.562911 0.542286 0.558794 0.528040 0.557390 0.512751 0.558794 0.497463 0.562911 0.483217 0.569460 0.470983 0.577994 0.461596 0.587933 0.455695 0.598599 0.453682 0.609264 0.455695 0.619203 0.461596 0.627738 0.470983 0.634287 0.483217 0.638403 0.497463
1 0.717863 0.564124 0.716444 0.580379 0.712286 0.595526 0.705672 0.608533 0.697051 0.618514 0.687013 0.624788 0.676240 0.626928 0.665467 0.624788 0.655429 0.618514 0.646808 0.608533 0.640194 0.595526 0.636035 0.580379 0.634617 0.564124 0.636035 0.547869 0.640194 0.532722 0.646808 0.519715 0.655429 0.509734 0.665467 0.503460 0.676240 0.501320 0.687013 0.503460 0.697051 0.509734 0.705672 0.519715 0.712286 0.532722 0.716444 0.547869
1 0.801817 0.548752 0.800437 0.564131 0.796392 0.578462 0.789956 0.590768 0.781570 0.600211 0.771803 0.606147 0.761323 0.608171 0.750842 0.606147 0.741076 0.600211 0.732689 0.590768 0.726254 0.578462 0.722208 0.564131 0.720829 0.548752 0.722208 0.533374 0.726254 0.519043 0.732689 0.506737 0.741076 0.497294 0.750842 0.491358 0.761323 0.489333 0.771803 0.491358 0.781570 0.497294 0.789956 0.506737 0.796392 0.519043 0.800437 0.533374
1 0.878041 0.610269 0.876653 0.625466 0.872584 0.639629 0.866111 0.651790 0.857675 0.661122 0.847851 0.666988 0.837309 0.668989 0.826766 0.666988 0.816943 0.661122 0.808507 0.651790 0.802034 0.639629 0.797964 0.625466 0.796576 0.610269 0.797964 0.595071 0.802034 0.580909 0.808507 0.568747 0.816943 0.559416 0.826766 0.553549 0.837309 0.551549 0.847851 0.553549 0.857675 0.559416 0.866111 0.568747 0.872584 0.580909 0.876653 0.595071
1 0.966175 0.618657 0.964771 0.633674 0.960655 0.647668 0.954106 0.659684 0.945571 0.668905 0.935632 0.674701 0.924967 0.676678 0.914301 0.674701 0.904362 0.668905 0.895828 0.659684 0.889279 0.647668 0.885162 0.633674 0.883758 0.618657 0.885162 0.603640 0.889279 0.589647 0.895828 0.577630 0.904362 0.568410 0.914301 0.562613 0.924967 0.560636 0.935632 0.562613 0.945571 0.568410 0.954106 0.577630 0.960655 0.589647 0.964771 0.603640
1 0.183891 0.455080 0.182463 0.471183 0.178274 0.486188 0.171612 0.499073 0.162929 0.508960 0.152818 0.515175 0.141968 0.517295 0.131117 0.515175 0.121006 0.508960 0.112323 0.499073 0.105661 0.486188 0.101473 0.471183 0.100044 0.455080 0.101473 0.438978 0.105661 0.423972 0.112323 0.411087 0.121006 0.401200 0.131117 0.394985 0.141968 0.392865 0.152818 0.394985 0.162929 0.401200 0.171612 0.411087 0.178274 0.423972 0.182463 0.438978
1 0.272943 0.500801 0.271481 0.516555 0.267196 0.531236 0.260378 0.543843 0.251494 0.553516 0.241148 0.559597 0.230045 0.561671 0.218942 0.559597 0.208596 0.553516 0.199712 0.543843 0.192894 0.531236 0.188609 0.516555 0.187147 0.500801 0.188609 0.485046 0.192894 0.470365 0.199712 0.457759 0.208596 0.448085 0.218942 0.442004 0.230045 0.439930 0.241148 0.442004 0.251494 0.448085 0.260378 0.457759 0.267196 0.470365 0.271481 0.485046
1 0.362509 0.567897 0.361096 0.583830 0.356952 0.598678 0.350359 0.611428 0.341768 0.621212 0.331763 0.627362 0.321026 0.629459 0.310289 0.627362 0.300284 0.621212 0.291693 0.611428 0.285100 0.598678 0.280956 0.583830 0.279542 0.567897 0.280956 0.551963 0.285100 0.537116 0.291693 0.524366 0.300284 0.514582 0.310289 0.508432 0.321026 0.506334 0.331763 0.508432 0.341768 0.514582 0.350359 0.524366 0.356952 0.537116 0.361096 0.551963
1 0.441705 0.635685 0.440284 0.650902 0.436116 0.665083 0.429486 0.677260 0.420846 0.686603 0.410784 0.692477 0.399986 0.694481 0.389188 0.692477 0.379126 0.686603 0.370486 0.677260 0.363856 0.665083 0.359688 0.650902 0.358267 0.635685 0.359688 0.620467 0.363856 0.606287 0.370486 0.594110 0.379126 0.584766 0.389188 0.578893 0.399986 0.576889 0.410784 0.578893 0.420846 0.584766 0.429486 0.594110 0.436116 0.606287 0.440284 0.620467
1 0.625081 0.640181 0.623676 0.656025 0.619555 0.670789 0.613000 0.683468 0.604457 0.693196 0.594509 0.699312 0.583833 0.701398 0.573158 0.699312 0.563210 0.693196 0.554667 0.683468 0.548112 0.670789 0.543991 0.656025 0.542586 0.640181 0.543991 0.624337 0.548112 0.609573 0.554667 0.596894 0.563210 0.587166 0.573158 0.581050 0.583833 0.578964 0.594509 0.581050 0.604457 0.587166 0.613000 0.596894 0.619555 0.609573 0.623676 0.624337
1 0.709934 0.686872 0.708520 0.702447 0.704376 0.716961 0.697784 0.729425 0.689192 0.738988 0.679187 0.745000 0.668450 0.747051 0.657714 0.745000 0.647709 0.738988 0.639117 0.729425 0.632525 0.716961 0.628380 0.702447 0.626967 0.686872 0.628380 0.671296 0.632525 0.656782 0.639117 0.644319 0.647709 0.634755 0.657714 0.628743 0.668450 0.626693 0.679187 0.628743 0.689192 0.634755 0.697784 0.644319 0.704376 0.656782 0.708520 0.671296
1 0.789601 0.669233 0.788236 0.684361 0.784233 0.698458 0.777865 0.710563 0.769566 0.719852 0.759903 0.725691 0.749532 0.727683 0.739161 0.725691 0.729497 0.719852 0.721199 0.710563 0.714831 0.698458 0.710828 0.684361 0.709463 0.669233 0.710828 0.654105 0.714831 0.640008 0.721199 0.627903 0.729497 0.618614 0.739161 0.612775 0.749532 0.610783 0.759903 0.612775 0.769566 0.618614 0.777865 0.627903 0.784233 0.640008 0.788236 0.654105
1 0.864554 0.737713 0.863197 0.753378 0.859218 0.767975 0.852887 0.780510 0.844638 0.790129 0.835030 0.796175 0.824721 0.798238 0.814411 0.796175 0.804804 0.790129 0.796554 0.780510 0.790224 0.767975 0.786244 0.753378 0.784887 0.737713 0.786244 0.722048 0.790224 0.707450 0.796554 0.694915 0.804804 0.685296 0.814411 0.679250 0.824721 0.677188 0.835030 0.679250 0.844638 0.685296 0.852887 0.694915 0.859218 0.707450 0.863197 0.722048
1 0.951764 0.748780 0.950391 0.763013 0.946364 0.776276 0.939959 0.787665 0.931611 0.796404 0.921891 0.801897 0.911459 0.803771 0.901027 0.801897 0.891306 0.796404 0.882959 0.787665 0.876554 0.776276 0.872527 0.763013 0.871154 0.748780 0.872527 0.734547 0.876554 0.721284 0.882959 0.709895 0.891306 0.701156 0.901027 0.695663 0.911459 0.693789 0.921891 0.695663 0.931611 0.701156 0.939959 0.709895 0.946364 0.721284 0.950391 0.734547
1 0.170648 0.618046 0.169186 0.634069 0.164901 0.649000 0.158084 0.661822 0.149199 0.671660 0.138853 0.677845 0.127750 0.679955 0.116648 0.677845 0.106302 0.671660 0.097417 0.661822 0.090600 0.649000 0.086314 0.634069 0.084853 0.618046 0.086314 0.602023 0.090600 0.587092 0.097417 0.574270 0.106302 0.564432 0.116648 0.558247 0.127750 0.556138 0.138853 0.558247 0.149199 0.564432 0.158084 0.574270 0.164901 0.587092 0.169186 0.602023
1 0.258329 0.628422 0.256876 0.644266 0.252614 0.659030 0.245834 0.671709 0.236998 0.681437 0.226709 0.687553 0.215667 0.689639 0.204625 0.687553 0.194336 0.681437 0.185501 0.671709 0.178721 0.659030 0.174459 0.644266 0.173005 0.628422 0.174459 0.612578 0.178721 0.597814 0.185501 0.585135 0.194336 0.575407 0.204625 0.569291 0.215667 0.567205 0.226709 0.569291 0.236998 0.575407 0.245834 0.585135 0.252614 0.597814 0.256876 0.612578
1 0.348367 0.698977 0.346930 0.714642 0.342715 0.729239 0.336010 0.741774 0.327272 0.751393 0.317096 0.757439 0.306177 0.759502 0.295257 0.757439 0.285081 0.751393 0.276343 0.741774 0.269639 0.729239 0.265424 0.714642 0.263986 0.698977 0.265424 0.683312 0.269639 0.668714 0.276343 0.656179 0.285081 0.646561 0.295257 0.640514 0.306177 0.638452 0.317096 0.640514 0.327272 0.646561 0.336010 0.656179 0.342715 0.668714 0.346930 0.683312
1 0.430392 0.766419 0.428978 0.781278 0.424834 0.795125 0.418241 0.807015 0.409650 0.816139 0.399645 0.821875 0.388908 0.823831 0.378171 0.821875 0.368166 0.816139 0.359575 0.807015 0.352982 0.795125 0.348838 0.781278 0.347425 0.766419 0.348838 0.751559 0.352982 0.737713 0.359575 0.725822 0.368166 0.716698 0.378171 0.710963 0.388908 0.709007 0.399645 0.710963 0.409650 0.716698 0.418241 0.725822 0.424834 0.737713 0.428978 0.751559
1 0.520430 0.714540 0.519008 0.730116 0.514840 0.744630 0.508210 0.757093 0.499570 0.766657 0.489508 0.772669 0.478710 0.774719 0.467913 0.772669 0.457851 0.766657 0.449210 0.757093 0.442581 0.744630 0.438413 0.730116 0.436991 0.714540 0.438413 0.698965 0.442581 0.684451 0.449210 0.671987 0.457851 0.662424 0.467913 0.656412 0.478710 0.654361 0.489508 0.656412 0.499570 0.662424 0.508210 0.671987 0.514840 0.684451 0.519008 0.698965
1 0.602454 0.761577 0.601048 0.777152 0.596928 0.791666 0.590373 0.804130 0.581830 0.813693 0.571882 0.819705 0.561206 0.821756 0.550530 0.819705 0.540582 0.813693 0.532039 0.804130 0.525484 0.791666 0.521364 0.777152 0.519958 0.761577 0.521364 0.746001 0.525484 0.731487 0.532039 0.719024 0.540582 0.709460 0.550530 0.703448 0.561206 0.701398 0.571882 0.703448 0.581830 0.709460 0.590373 0.719024 0.596928 0.731487 0.601048 0.746001
1 0.689664 0.803080 0.688202 0.817939 0.683916 0.831786 0.677099 0.843676 0.668215 0.852800 0.657869 0.858536 0.646766 0.860492 0.635663 0.858536 0.625317 0.852800 0.616433 0.843676 0.609615 0.831786 0.605330 0.817939 0.603868 0.803080 0.605330 0.788220 0.609615 0.774373 0.616433 0.762483 0.625317 0.753359 0.635663 0.747624 0.646766 0.745667 0.657869 0.747624 0.668215 0.753359 0.677099 0.762483 0.683916 0.774373 0.688202 0.788220
1 0.774516 0.790975 0.773087 0.807356 0.768895 0.822620 0.762228 0.835729 0.753539 0.845787 0.743420 0.852110 0.732561 0.854266 0.721703 0.852110 0.711584 0.845787 0.702895 0.835729 0.696227 0.822620 0.692036 0.807356 0.690606 0.790975 0.692036 0.774593 0.696227 0.759329 0.702895 0.746221 0.711584 0.736162 0.721703 0.729839 0.732561 0.727683 0.743420 0.729839 0.753539 0.736162 0.762228 0.746221 0.768895 0.759329 0.773087 0.774593
1 0.151668 0.878999 0.150233 0.895065 0.146027 0.910036 0.139335 0.922892 0.130614 0.932757 0.120458 0.938958 0.109560 0.941073 0.098661 0.938958 0.088506 0.932757 0.079785 0.922892 0.073093 0.910036 0.068886 0.895065 0.067451 0.878999 0.068886 0.862933 0.073093 0.847962 0.079785 0.835106 0.088506 0.825242 0.098661 0.819040 0.109560 0.816925 0.120458 0.819040 0.130614 0.825242 0.139335 0.835106 0.146027 0.847962 0.150233 0.862933
1 0.254990 0.879857 0.253469 0.895553 0.249009 0.910179 0.241914 0.922739 0.232668 0.932376 0.221901 0.938434 0.210347 0.940501 0.198793 0.938434 0.188026 0.932376 0.178780 0.922739 0.171685 0.910179 0.167225 0.895553 0.165704 0.879857 0.167225 0.864162 0.171685 0.849536 0.178780 0.836976 0.188026 0.827338 0.198793 0.821280 0.210347 0.819214 0.221901 0.821280 0.232668 0.827338 0.241914 0.836976 0.249009 0.849536 0.253469 0.864162
1 0.156506 0.749472 0.155084 0.765316 0.150917 0.780080 0.144287 0.792758 0.135646 0.802487 0.125585 0.808603 0.114787 0.810688 0.103989 0.808603 0.093927 0.802487 0.085287 0.792758 0.078657 0.780080 0.074489 0.765316 0.073068 0.749472 0.074489 0.733628 0.078657 0.718863 0.085287 0.706185 0.093927 0.696457 0.103989 0.690341 0.114787 0.688255 0.125585 0.690341 0.135646 0.696457 0.144287 0.706185 0.150917 0.718863 0.155084 0.733628
1 0.267757 0.761577 0.266320 0.776973 0.262105 0.791320 0.255400 0.803641 0.246662 0.813094 0.236486 0.819037 0.225567 0.821064 0.214647 0.819037 0.204471 0.813094 0.195733 0.803641 0.189028 0.791320 0.184814 0.776973 0.183376 0.761577 0.184814 0.746180 0.189028 0.731833 0.195733 0.719513 0.204471 0.710059 0.214647 0.704116 0.225567 0.702089 0.236486 0.704116 0.246662 0.710059 0.255400 0.719513 0.262105 0.731833 0.266320 0.746180
1 0.338784 0.841929 0.337322 0.857684 0.333037 0.872365 0.326220 0.884972 0.317335 0.894645 0.306989 0.900726 0.295886 0.902800 0.284784 0.900726 0.274437 0.894645 0.265553 0.884972 0.258736 0.872365 0.254450 0.857684 0.252989 0.841929 0.254450 0.826175 0.258736 0.811494 0.265553 0.798887 0.274437 0.789214 0.284784 0.783133 0.295886 0.781059 0.306989 0.783133 0.317335 0.789214 0.326220 0.798887 0.333037 0.811494 0.337322 0.826175
1 0.428506 0.893002 0.427108 0.908041 0.423011 0.922054 0.416494 0.934088 0.408000 0.943322 0.398109 0.949126 0.387494 0.951106 0.376879 0.949126 0.366988 0.943322 0.358494 0.934088 0.351976 0.922054 0.347879 0.908041 0.346482 0.893002 0.347879 0.877964 0.351976 0.863950 0.358494 0.851917 0.366988 0.842683 0.376879 0.836878 0.387494 0.834898 0.398109 0.836878 0.408000 0.842683 0.416494 0.851917 0.423011 0.863950 0.427108 0.877964
1 0.508173 0.863605 0.506808 0.879090 0.502805 0.893521 0.496437 0.905913 0.488138 0.915422 0.478475 0.921399 0.468104 0.923438 0.457733 0.921399 0.448069 0.915422 0.439771 0.905913 0.433403 0.893521 0.429400 0.879090 0.428035 0.863605 0.429400 0.848119 0.433403 0.833688 0.439771 0.821296 0.448069 0.811787 0.457733 0.805810 0.468104 0.803771 0.478475 0.805810 0.488138 0.811787 0.496437 0.821296 0.502805 0.833688 0.506808 0.848119
1 0.592083 0.885739 0.590621 0.901225 0.586336 0.915656 0.579519 0.928048 0.570634 0.937556 0.560288 0.943534 0.549185 0.945573 0.538083 0.943534 0.527736 0.937556 0.518852 0.928048 0.512035 0.915656 0.507749 0.901225 0.506288 0.885739 0.507749 0.870253 0.512035 0.855823 0.518852 0.843431 0.527736 0.833922 0.538083 0.827945 0.549185 0.825906 0.560288 0.827945 0.570634 0.833922 0.579519 0.843431 0.586336 0.855823 0.590621 0.870253
1 0.671750 0.927934 0.670409 0.942704 0.666477 0.956467 0.660221 0.968286 0.652069 0.977355 0.642576 0.983056 0.632388 0.985000 0.622200 0.983056 0.612707 0.977355 0.604555 0.968286 0.598299 0.956467 0.594367 0.942704 0.593026 0.927934 0.594367 0.913164 0.598299 0.899401 0.604555 0.887582 0.612707 0.878513 0.622200 0.872812 0.632388 0.870868 0.642576 0.872812 0.652069 0.878513 0.660221 0.887582 0.666477 0.899401 0.670409 0.913164
1 0.762260 0.921363 0.760918 0.935148 0.756986 0.947994 0.750731 0.959024 0.742579 0.967489 0.733085 0.972810 0.722898 0.974625 0.712710 0.972810 0.703216 0.967489 0.695064 0.959024 0.688809 0.947994 0.684877 0.935148 0.683535 0.921363 0.684877 0.907577 0.688809 0.894732 0.695064 0.883701 0.703216 0.875236 0.712710 0.869916 0.722898 0.868101 0.733085 0.869916 0.742579 0.875236 0.750731 0.883701 0.756986 0.894732 0.760918 0.907577
1 0.541111 0.396068 0.539641 0.411814 0.535330 0.426487 0.528472 0.439087 0.519534 0.448755 0.509127 0.454833 0.497958 0.456906 0.486789 0.454833 0.476381 0.448755 0.467443 0.439087 0.460586 0.426487 0.456274 0.411814 0.454804 0.396068 0.456274 0.380322 0.460586 0.365649 0.467443 0.353049 0.476381 0.343381 0.486789 0.337303 0.497958 0.335230 0.509127 0.337303 0.519534 0.343381 0.528472 0.353049 0.535330 0.365649 0.539641 0.380322
0 0.079873 0.000457 0.114252 0.062182 0.112902 0.123297 0.098361 0.161551 0.093479 0.168562 0.000208 0.108971 0.002597 0.065687 0.021916 0.014174 0.032302 0.008382
0 0.118767 0.088556 0.147926 0.063977 0.168329 0.070571 0.182539 0.106569 0.153269 0.133657 0.148866 0.132432
0 0.241649 0.024923 0.279287 0.040500 0.302062 0.127446 0.286042 0.170495 0.197450 0.152652 0.192818 0.122632 0.202275 0.044465
0 0.336611 0.126030 0.342594 0.137925 0.343366 0.173893 0.336113 0.201235 0.332322 0.203625 0.320313 0.201135 0.317050 0.150569
0 0.399817 0.204942 0.425270 0.226777 0.421877 0.247080 0.409346 0.276385 0.406343 0.277151 0.372536 0.257423 0.372666 0.229459 0.376191 0.217966 0.379715 0.213753
0 0.528129 0.228309 0.516903 0.301667 0.490797 0.306072 0.456337 0.267382 0.492755 0.225436
0 0.596005 0.349934 0.613757 0.384602 0.607753 0.425015 0.592350 0.433443 0.573945 0.438614 0.564417 0.416396 0.564808 0.406245 0.591659 0.355215
0 0.709847 0.347618 0.721237 0.396336 0.719056 0.458211 0.708393 0.484170 0.662832 0.496616 0.613151 0.395625 0.615817 0.387446 0.649503 0.358998
0 0.805188 0.509214 0.699529 0.415502 0.781943 0.344184 0.839468 0.407578
0 0.831181 0.540911 0.889646 0.545389 0.919700 0.494399 0.877436 0.414124 0.834468 0.418258 0.829303 0.517827
0 0.134721 0.220302 0.170618 0.253765 0.173152 0.256864 0.176540 0.266750 0.170196 0.319763 0.162383 0.333086 0.158371 0.335255 0.127542 0.338973 0.114027 0.317284 0.111493 0.311397 0.104103 0.281961 0.104947 0.277004 0.114872 0.241371 0.130033 0.223004
0 0.286863 0.292434 0.238275 0.303713 0.176784 0.235639 0.264353 0.170385
0 0.294774 0.240963 0.290185 0.288109 0.294083 0.335537 0.332710 0.353692 0.355192 0.301220 0.324505 0.249529 0.321243 0.246313
0 0.207859 0.296412 0.250677 0.323306 0.252987 0.326470 0.277631 0.398565 0.278093 0.403989 0.275320 0.412125 0.219257 0.424781 0.212844 0.418999 0.194768 0.377999 0.193227 0.370088 0.200774 0.304548 0.203692 0.299199
0 0.342270 0.421647 0.335336 0.458466 0.333025 0.461211 0.309694 0.467671 0.302430 0.447323 0.302760 0.410504 0.324106 0.399567 0.335678 0.408755
0 0.404597 0.326663 0.436321 0.345191 0.441121 0.358054 0.435486 0.393273 0.411067 0.403379 0.407354 0.401168 0.389153 0.370151
0 0.412219 0.450379 0.444784 0.479184 0.430936 0.518261 0.404914 0.540367 0.375392 0.520047 0.377674 0.463553
0 0.520293 0.322664 0.526685 0.337178 0.534446 0.431633 0.534293 0.441458 0.504923 0.453069 0.455009 0.424934 0.451966 0.395682 0.454248 0.386527 0.507815 0.330479
0 0.539272 0.469473 0.544789 0.519540 0.544680 0.525603 0.538374 0.555121 0.535438 0.559110 0.528587 0.563259 0.509123 0.573470 0.505970 0.571396 0.493574 0.555281 0.490312 0.541719 0.487484 0.474705
0 0.641300 0.477007 0.631545 0.544444 0.607347 0.603348 0.577145 0.577750 0.575645 0.570043 0.568545 0.508700 0.583336 0.477833 0.586525 0.465722 0.593090 0.461868 0.599948 0.462803 0.637935 0.474457
0 0.692213 0.537782 0.704276 0.574590 0.688957 0.595663 0.664639 0.587795 0.664447 0.559417 0.668922 0.553183
0 0.751572 0.486364 0.771678 0.493389 0.801358 0.526543 0.803464 0.530196 0.794465 0.598753 0.764593 0.620950 0.733764 0.619545 0.718829 0.596225 0.723424 0.555484 0.727851 0.524354
0 0.858659 0.553090 0.870972 0.604223 0.871169 0.650249 0.817153 0.639510 0.812933 0.595401
0 0.917872 0.591951 0.938246 0.613946 0.940575 0.632952 0.913136 0.658085 0.905188 0.649707 0.903733 0.634759
0 0.919204 0.729836 0.939578 0.747906 0.940474 0.767782 0.906330 0.787822 0.894015 0.759897 0.894239 0.757105 0.915344 0.731267
0 0.877388 0.690533 0.886658 0.791132 0.820996 0.830522 0.778509 0.789999 0.785461 0.737007 0.809022 0.677781
0 0.967942 0.905068 0.954037 0.856327 0.930282 0.823455 0.863269 0.861144 0.856316 0.931139 0.931634 0.948708 0.940132 0.946441
0 0.152418 0.824070 0.159402 0.873201 0.147077 0.947651 0.143174 0.953980 0.103735 0.961817 0.095313 0.958803 0.057722 0.931374 0.063679 0.858130 0.073354 0.821137 0.092026 0.806890 0.095518 0.805985
0 0.774432 0.760828 0.766321 0.821471 0.741601 0.825722 0.712053 0.803335 0.704907 0.777264 0.735421 0.740708
0 0.730013 0.883248 0.740635 0.945024 0.703556 0.962877 0.689531 0.915701 0.725984 0.882165
0 0.650618 0.779189 0.655444 0.782840 0.663176 0.799438 0.659174 0.815232 0.649652 0.829001 0.634749 0.814422 0.632541 0.804298 0.634848 0.797973
0 0.627466 0.863523 0.640438 0.872230 0.657963 0.917790 0.659619 0.937431 0.657687 0.954238 0.650659 0.954199 0.602489 0.925687 0.601937 0.918600 0.608059 0.898401
0 0.597383 0.868180 0.595589 0.949581 0.547015 0.959705 0.507548 0.917992 0.505892 0.914145 0.505754 0.909690 0.538735 0.817154 0.581086 0.849430 0.594610 0.863346
0 0.500234 0.857854 0.499544 0.892479 0.474981 0.917182 0.426269 0.917385 0.417575 0.849349 0.451384 0.814926 0.473463 0.806827 0.476938 0.806816 0.479949 0.808447 0.482047 0.810730
0 0.396048 0.862106 0.422681 0.894099 0.400187 0.924472 0.375624 0.927712 0.363757 0.865346
0 0.341953 0.831935 0.297381 0.780098 0.265780 0.805004 0.269920 0.906856 0.317252 0.890657 0.330726 0.863198
0 0.128384 0.821659 0.082988 0.808095 0.077441 0.798450 0.070047 0.745099 0.085453 0.710738 0.130233 0.714656 0.154883 0.724603 0.156046 0.729163 0.151391 0.790312
0 0.229859 0.697476 0.258207 0.740578 0.259573 0.763485 0.258001 0.805985 0.256358 0.810507 0.193501 0.821357 0.179738 0.801163 0.167002 0.761979 0.187339 0.715259 0.219383 0.694160 0.225957 0.694462
0 0.352903 0.656483 0.353109 0.722493 0.300317 0.772227 0.248963 0.676377 0.277310 0.645331
0 0.161283 0.570292 0.162437 0.576810 0.163394 0.616770 0.147346 0.674401 0.108492 0.638769 0.115461 0.573081
0 0.086154 0.408689 0.177376 0.393197 0.190890 0.447420 0.190452 0.454318 0.173152 0.537586 0.086787 0.493897
0 0.216652 0.424801 0.279367 0.466940 0.283590 0.530769 0.252971 0.572598 0.193002 0.556176 0.186456 0.479334
0 0.254872 0.596766 0.194691 0.577556 0.179065 0.604513 0.172941 0.635188 0.186878 0.685073 0.233545 0.667722 0.236315 0.660612
0 0.320965 0.492038 0.336380 0.637357 0.335747 0.644173 0.271131 0.628681 0.276199 0.573838
0 0.434782 0.642934 0.408598 0.682594 0.381780 0.673609 0.394027 0.608541 0.411976 0.612879
0 0.459117 0.684686 0.480358 0.678138 0.495887 0.694377 0.498208 0.716902 0.493745 0.754094 0.478216 0.747022 0.456440 0.718997 0.456125 0.689885
0 0.396822 0.752260 0.400749 0.764832 0.389503 0.770333 0.385755 0.769023 0.380222 0.759332 0.392181 0.751475
0 0.605663 0.774523 0.576211 0.812501 0.538191 0.794429 0.541226 0.760118 0.558183 0.728164 0.565680 0.726593
0 0.612803 0.636231 0.594417 0.686257 0.570142 0.696734 0.542653 0.648280 0.571570 0.605063 0.586028 0.601134 0.591501 0.605885
0 0.691341 0.632303 0.709548 0.702234 0.684201 0.729998 0.666530 0.731569 0.626190 0.685996 0.676169 0.628636 0.688307 0.630469
