1 0.567912 0.114599 0.566287 0.123396 0.561523 0.131594 0.553943 0.138633 0.544066 0.144035 0.532563 0.147430 0.520220 0.148588 0.507876 0.147430 0.496374 0.144035 0.486496 0.138633 0.478917 0.131594 0.474153 0.123396 0.472527 0.114599 0.474153 0.105802 0.478917 0.097604 0.486496 0.090565 0.496374 0.085163 0.507876 0.081767 0.520220 0.080609 0.532563 0.081767 0.544066 0.085163 0.553943 0.090565 0.561523 0.097604 0.566287 0.105802
1 0.509451 0.175149 0.507766 0.182600 0.502825 0.189543 0.494967 0.195505 0.484725 0.200081 0.472799 0.202957 0.460000 0.203938 0.447201 0.202957 0.435275 0.200081 0.425033 0.195505 0.417175 0.189543 0.412234 0.182600 0.410549 0.175149 0.412234 0.167697 0.417175 0.160754 0.425033 0.154792 0.435275 0.150217 0.447201 0.147341 0.460000 0.146360 0.472799 0.147341 0.484725 0.150217 0.494967 0.154792 0.502825 0.160754 0.507766 0.167697
1 0.400440 0.176263 0.398919 0.184291 0.394462 0.191772 0.387372 0.198196 0.378132 0.203125 0.367371 0.206224 0.355824 0.207281 0.344277 0.206224 0.333516 0.203125 0.324276 0.198196 0.317186 0.191772 0.312729 0.184291 0.311209 0.176263 0.312729 0.168235 0.317186 0.160754 0.324276 0.154330 0.333516 0.149401 0.344277 0.146302 0.355824 0.145245 0.367371 0.146302 0.378132 0.149401 0.387372 0.154330 0.394462 0.160754 0.398919 0.168235
1 0.306374 0.173291 0.304958 0.181608 0.300809 0.189357 0.294207 0.196012 0.285604 0.201119 0.275586 0.204329 0.264835 0.205423 0.254084 0.204329 0.244066 0.201119 0.235463 0.196012 0.228862 0.189357 0.224712 0.181608 0.223297 0.173291 0.224712 0.164975 0.228862 0.157225 0.235463 0.150570 0.244066 0.145464 0.254084 0.142254 0.264835 0.141159 0.275586 0.142254 0.285604 0.145464 0.294207 0.150570 0.300809 0.157225 0.304958 0.164975
1 0.213187 0.179235 0.211697 0.187167 0.207327 0.194558 0.200377 0.200905 0.191319 0.205775 0.180770 0.208837 0.169451 0.209881 0.158131 0.208837 0.147582 0.205775 0.138524 0.200905 0.131574 0.194558 0.127205 0.187167 0.125714 0.179235 0.127205 0.171303 0.131574 0.163912 0.138524 0.157565 0.147582 0.152694 0.158131 0.149633 0.169451 0.148588 0.180770 0.149633 0.191319 0.152694 0.200377 0.157565 0.207327 0.163912 0.211697 0.171303
1 0.204396 0.245357 0.202830 0.253769 0.198242 0.261608 0.190942 0.268340 0.181429 0.273506 0.170350 0.276753 0.158462 0.277860 0.146573 0.276753 0.135495 0.273506 0.125981 0.268340 0.118681 0.261608 0.114093 0.253769 0.112527 0.245357 0.114093 0.236944 0.118681 0.229105 0.125981 0.222373 0.135495 0.217208 0.146573 0.213960 0.158462 0.212853 0.170350 0.213960 0.181429 0.217208 0.190942 0.222373 0.198242 0.229105 0.202830 0.236944
1 0.339780 0.240156 0.338020 0.248665 0.332861 0.256594 0.324653 0.263402 0.313956 0.268627 0.301499 0.271911 0.288132 0.273031 0.274764 0.271911 0.262308 0.268627 0.251611 0.263402 0.243403 0.256594 0.238243 0.248665 0.236484 0.240156 0.238243 0.231647 0.243403 0.223718 0.251611 0.216910 0.262308 0.211685 0.274764 0.208401 0.288132 0.207281 0.301499 0.208401 0.313956 0.211685 0.324653 0.216910 0.332861 0.223718 0.338020 0.231647
1 0.448791 0.238670 0.447226 0.246314 0.442637 0.253436 0.435337 0.259552 0.425824 0.264246 0.414746 0.267196 0.402857 0.268202 0.390969 0.267196 0.379890 0.264246 0.370377 0.259552 0.363077 0.253436 0.358488 0.246314 0.356923 0.238670 0.358488 0.231027 0.363077 0.223904 0.370377 0.217788 0.379890 0.213095 0.390969 0.210144 0.402857 0.209138 0.414746 0.210144 0.425824 0.213095 0.435337 0.217788 0.442637 0.223904 0.447226 0.231027
1 0.556044 0.239413 0.554329 0.246864 0.549301 0.253808 0.541303 0.259770 0.530879 0.264345 0.518741 0.267221 0.505714 0.268202 0.492688 0.267221 0.480549 0.264345 0.470126 0.259770 0.462128 0.253808 0.457100 0.246864 0.455385 0.239413 0.457100 0.231962 0.462128 0.225019 0.470126 0.219056 0.480549 0.214481 0.492688 0.211605 0.505714 0.210624 0.518741 0.211605 0.530879 0.214481 0.541303 0.219056 0.549301 0.225019 0.554329 0.231962
1 0.165714 0.317422 0.163939 0.326508 0.158736 0.334974 0.150458 0.342244 0.139670 0.347823 0.127108 0.351330 0.113626 0.352526 0.100145 0.351330 0.087582 0.347823 0.076795 0.342244 0.068517 0.334974 0.063313 0.326508 0.061538 0.317422 0.063313 0.308336 0.068517 0.299870 0.076795 0.292600 0.087582 0.287021 0.100145 0.283514 0.113626 0.282318 0.127108 0.283514 0.139670 0.287021 0.150458 0.292600 0.158736 0.299870 0.163939 0.308336
1 0.267692 0.308507 0.266097 0.317977 0.261421 0.326802 0.253981 0.334380 0.244286 0.340194 0.232995 0.343850 0.220879 0.345097 0.208763 0.343850 0.197473 0.340194 0.187777 0.334380 0.180338 0.326802 0.175661 0.317977 0.174066 0.308507 0.175661 0.299037 0.180338 0.290212 0.187777 0.282634 0.197473 0.276819 0.208763 0.273164 0.220879 0.271917 0.232995 0.273164 0.244286 0.276819 0.253981 0.282634 0.261421 0.290212 0.266097 0.299037
1 0.396044 0.307392 0.394254 0.316862 0.389007 0.325687 0.380659 0.333265 0.369780 0.339080 0.357112 0.342735 0.343516 0.343982 0.329921 0.342735 0.317253 0.339080 0.306374 0.333265 0.298026 0.325687 0.292779 0.316862 0.290989 0.307392 0.292779 0.297922 0.298026 0.289097 0.306374 0.281519 0.317253 0.275704 0.329921 0.272049 0.343516 0.270802 0.357112 0.272049 0.369780 0.275704 0.380659 0.281519 0.389007 0.289097 0.394254 0.297922
1 0.508571 0.315565 0.506856 0.324843 0.501829 0.333488 0.493830 0.340912 0.483407 0.346609 0.471268 0.350190 0.458242 0.351412 0.445215 0.350190 0.433077 0.346609 0.422653 0.340912 0.414655 0.333488 0.409627 0.324843 0.407912 0.315565 0.409627 0.306287 0.414655 0.297641 0.422653 0.290217 0.433077 0.284520 0.445215 0.280939 0.458242 0.279718 0.471268 0.280939 0.483407 0.284520 0.493830 0.290217 0.501829 0.297641 0.506856 0.306287
1 0.177582 0.438150 0.175972 0.446851 0.171252 0.454959 0.163742 0.461922 0.153956 0.467264 0.142560 0.470623 0.130330 0.471768 0.118100 0.470623 0.106703 0.467264 0.096917 0.461922 0.089408 0.454959 0.084687 0.446851 0.083077 0.438150 0.084687 0.429449 0.089408 0.421341 0.096917 0.414378 0.106703 0.409036 0.118100 0.405677 0.130330 0.404532 0.142560 0.405677 0.153956 0.409036 0.163742 0.414378 0.171252 0.421341 0.175972 0.429449
1 0.290110 0.417719 0.288275 0.426901 0.282896 0.435457 0.274339 0.442804 0.263187 0.448442 0.250200 0.451986 0.236264 0.453195 0.222327 0.451986 0.209341 0.448442 0.198189 0.442804 0.189632 0.435457 0.184252 0.426901 0.182418 0.417719 0.184252 0.408537 0.189632 0.399981 0.198189 0.392634 0.209341 0.386997 0.222327 0.383452 0.236264 0.382244 0.250200 0.383452 0.263187 0.386997 0.274339 0.392634 0.282896 0.399981 0.288275 0.408537
1 0.414505 0.408804 0.412716 0.416832 0.407468 0.424313 0.399121 0.430737 0.388242 0.435666 0.375573 0.438765 0.361978 0.439822 0.348383 0.438765 0.335714 0.435666 0.324835 0.430737 0.316488 0.424313 0.311240 0.416832 0.309451 0.408804 0.311240 0.400776 0.316488 0.393295 0.324835 0.386871 0.335714 0.381942 0.348383 0.378843 0.361978 0.377786 0.375573 0.378843 0.388242 0.381942 0.399121 0.386871 0.407468 0.393295 0.412716 0.400776
1 0.533187 0.415862 0.531412 0.425524 0.526208 0.434528 0.517931 0.442260 0.507143 0.448193 0.494580 0.451923 0.481099 0.453195 0.467618 0.451923 0.455055 0.448193 0.444267 0.442260 0.435989 0.434528 0.430786 0.425524 0.429011 0.415862 0.430786 0.406199 0.435989 0.397195 0.444267 0.389464 0.455055 0.383531 0.467618 0.379801 0.481099 0.378529 0.494580 0.379801 0.507143 0.383531 0.517931 0.389464 0.526208 0.397195 0.531412 0.406199
1 0.174505 0.521731 0.172686 0.532355 0.167350 0.542255 0.158863 0.550756 0.147802 0.557279 0.134922 0.561380 0.121099 0.562779 0.107276 0.561380 0.094396 0.557279 0.083335 0.550756 0.074847 0.542255 0.069512 0.532355 0.067692 0.521731 0.069512 0.511107 0.074847 0.501207 0.083335 0.492706 0.094396 0.486183 0.107276 0.482082 0.121099 0.480683 0.134922 0.482082 0.147802 0.486183 0.158863 0.492706 0.167350 0.501207 0.172686 0.511107
1 0.315604 0.499443 0.313605 0.510355 0.307743 0.520524 0.298417 0.529256 0.286264 0.535956 0.272111 0.540168 0.256923 0.541605 0.241735 0.540168 0.227582 0.535956 0.215429 0.529256 0.206104 0.520524 0.200241 0.510355 0.198242 0.499443 0.200241 0.488530 0.206104 0.478362 0.215429 0.469630 0.227582 0.462929 0.241735 0.458717 0.256923 0.457281 0.272111 0.458717 0.286264 0.462929 0.298417 0.469630 0.307743 0.478362 0.313605 0.488530
1 0.441758 0.513930 0.439774 0.525515 0.433955 0.536311 0.424700 0.545582 0.412637 0.552695 0.398591 0.557167 0.383516 0.558692 0.368442 0.557167 0.354396 0.552695 0.342333 0.545582 0.333078 0.536311 0.327259 0.525515 0.325275 0.513930 0.327259 0.502345 0.333078 0.491549 0.342333 0.482278 0.354396 0.475165 0.368442 0.470693 0.383516 0.469168 0.398591 0.470693 0.412637 0.475165 0.424700 0.482278 0.433955 0.491549 0.439774 0.502345
1 0.563956 0.505386 0.561912 0.516106 0.555918 0.526096 0.546382 0.534674 0.533956 0.541256 0.519485 0.545394 0.503956 0.546805 0.488427 0.545394 0.473956 0.541256 0.461530 0.534674 0.451995 0.526096 0.446000 0.516106 0.443956 0.505386 0.446000 0.494666 0.451995 0.484677 0.461530 0.476099 0.473956 0.469516 0.488427 0.465379 0.503956 0.463967 0.519485 0.465379 0.533956 0.469516 0.546382 0.476099 0.555918 0.484677 0.561912 0.494666
1 0.749451 0.149517 0.747870 0.158026 0.743238 0.165955 0.735868 0.172763 0.726264 0.177988 0.715079 0.181272 0.703077 0.182392 0.691075 0.181272 0.679890 0.177988 0.670286 0.172763 0.662916 0.165955 0.658283 0.158026 0.656703 0.149517 0.658283 0.141008 0.662916 0.133079 0.670286 0.126271 0.679890 0.121046 0.691075 0.117762 0.703077 0.116642 0.715079 0.117762 0.726264 0.121046 0.735868 0.126271 0.743238 0.133079 0.747870 0.141008
1 0.679560 0.190750 0.677816 0.198105 0.672700 0.204959 0.664562 0.210845 0.653956 0.215361 0.641605 0.218200 0.628352 0.219168 0.615098 0.218200 0.602747 0.215361 0.592142 0.210845 0.584004 0.204959 0.578888 0.198105 0.577143 0.190750 0.578888 0.183395 0.584004 0.176542 0.592142 0.170656 0.602747 0.166140 0.615098 0.163301 0.628352 0.162333 0.641605 0.163301 0.653956 0.166140 0.664562 0.170656 0.672700 0.176542 0.677816 0.183395
1 0.787253 0.211924 0.785568 0.219568 0.780628 0.226690 0.772769 0.232806 0.762527 0.237500 0.750601 0.240450 0.737802 0.241456 0.725003 0.240450 0.713077 0.237500 0.702835 0.232806 0.694977 0.226690 0.690037 0.219568 0.688352 0.211924 0.690037 0.204281 0.694977 0.197158 0.702835 0.191042 0.713077 0.186349 0.725003 0.183399 0.737802 0.182392 0.750601 0.183399 0.762527 0.186349 0.772769 0.191042 0.780628 0.197158 0.785568 0.204281
1 0.695824 0.253900 0.694064 0.261928 0.688905 0.269409 0.680697 0.275833 0.670000 0.280763 0.657543 0.283861 0.644176 0.284918 0.630808 0.283861 0.618352 0.280763 0.607655 0.275833 0.599447 0.269409 0.594287 0.261928 0.592527 0.253900 0.594287 0.245872 0.599447 0.238392 0.607655 0.231968 0.618352 0.227038 0.630808 0.223940 0.644176 0.222883 0.657543 0.223940 0.670000 0.227038 0.680697 0.231968 0.688905 0.238392 0.694064 0.245872
1 0.811868 0.282504 0.810138 0.291493 0.805066 0.299870 0.796998 0.307063 0.786484 0.312583 0.774239 0.316053 0.761099 0.317236 0.747959 0.316053 0.735714 0.312583 0.725200 0.307063 0.717131 0.299870 0.712060 0.291493 0.710330 0.282504 0.712060 0.273514 0.717131 0.265137 0.725200 0.257944 0.735714 0.252424 0.747959 0.248955 0.761099 0.247771 0.774239 0.248955 0.786484 0.252424 0.796998 0.257944 0.805066 0.265137 0.810138 0.273514
1 0.722637 0.332652 0.720743 0.341834 0.715188 0.350390 0.706351 0.357737 0.694835 0.363375 0.681424 0.366919 0.667033 0.368128 0.652641 0.366919 0.639231 0.363375 0.627715 0.357737 0.618878 0.350390 0.613323 0.341834 0.611429 0.332652 0.613323 0.323471 0.618878 0.314915 0.627715 0.307567 0.639231 0.301930 0.652641 0.298386 0.667033 0.297177 0.681424 0.298386 0.694835 0.301930 0.706351 0.307567 0.715188 0.314915 0.720743 0.323471
1 0.865934 0.352340 0.863935 0.362580 0.858072 0.372121 0.848747 0.380315 0.836593 0.386602 0.822441 0.390554 0.807253 0.391902 0.792065 0.390554 0.777912 0.386602 0.765759 0.380315 0.756433 0.372121 0.750571 0.362580 0.748571 0.352340 0.750571 0.342101 0.756433 0.332559 0.765759 0.324366 0.777912 0.318079 0.792065 0.314127 0.807253 0.312779 0.822441 0.314127 0.836593 0.318079 0.848747 0.324366 0.858072 0.332559 0.863935 0.342101
1 0.768352 0.411033 0.766622 0.422522 0.761550 0.433228 0.753482 0.442422 0.742967 0.449476 0.730722 0.453911 0.717582 0.455423 0.704442 0.453911 0.692198 0.449476 0.681683 0.442422 0.673615 0.433228 0.668543 0.422522 0.666813 0.411033 0.668543 0.399544 0.673615 0.388837 0.681683 0.379644 0.692198 0.372589 0.704442 0.368154 0.717582 0.366642 0.730722 0.368154 0.742967 0.372589 0.753482 0.379644 0.761550 0.388837 0.766622 0.399544
1 0.897143 0.446694 0.895113 0.454626 0.889163 0.462017 0.879698 0.468364 0.867363 0.473234 0.852998 0.476296 0.837582 0.477340 0.822167 0.476296 0.807802 0.473234 0.795467 0.468364 0.786002 0.462017 0.780051 0.454626 0.778022 0.446694 0.780051 0.438762 0.786002 0.431371 0.795467 0.425024 0.807802 0.420153 0.822167 0.417092 0.837582 0.416048 0.852998 0.417092 0.867363 0.420153 0.879698 0.425024 0.889163 0.431371 0.895113 0.438762
1 0.787253 0.500557 0.785448 0.510893 0.780157 0.520524 0.771739 0.528794 0.760769 0.535140 0.747995 0.539130 0.734286 0.540490 0.720577 0.539130 0.707802 0.535140 0.696832 0.528794 0.688415 0.520524 0.683123 0.510893 0.681319 0.500557 0.683123 0.490222 0.688415 0.480591 0.696832 0.472320 0.707802 0.465974 0.720577 0.461985 0.734286 0.460624 0.747995 0.461985 0.760769 0.465974 0.771739 0.472320 0.780157 0.480591 0.785448 0.490222
1 0.905934 0.535104 0.903800 0.546882 0.897542 0.557857 0.887588 0.567281 0.874615 0.574513 0.859508 0.579059 0.843297 0.580609 0.827085 0.579059 0.811978 0.574513 0.799005 0.567281 0.789051 0.557857 0.782794 0.546882 0.780659 0.535104 0.782794 0.523326 0.789051 0.512351 0.799005 0.502927 0.811978 0.495695 0.827085 0.491149 0.843297 0.489599 0.859508 0.491149 0.874615 0.495695 0.887588 0.502927 0.897542 0.512351 0.903800 0.523326
1 0.199121 0.802935 0.196777 0.816635 0.189905 0.829402 0.178972 0.840365 0.164725 0.848777 0.148134 0.854066 0.130330 0.855869 0.112525 0.854066 0.095934 0.848777 0.081687 0.840365 0.070755 0.829402 0.063882 0.816635 0.061538 0.802935 0.063882 0.789234 0.070755 0.776467 0.081687 0.765504 0.095934 0.757092 0.112525 0.751804 0.130330 0.750000 0.148134 0.751804 0.164725 0.757092 0.178972 0.765504 0.189905 0.776467 0.196777 0.789234
1 0.339780 0.784361 0.337541 0.798062 0.330976 0.810828 0.320533 0.821791 0.306923 0.830204 0.291074 0.835492 0.274066 0.837296 0.257058 0.835492 0.241209 0.830204 0.227599 0.821791 0.217156 0.810828 0.210591 0.798062 0.208352 0.784361 0.210591 0.770661 0.217156 0.757894 0.227599 0.746931 0.241209 0.738518 0.257058 0.733230 0.274066 0.731426 0.291074 0.733230 0.306923 0.738518 0.320533 0.746931 0.330976 0.757894 0.337541 0.770661
1 0.472527 0.788076 0.470273 0.800046 0.463665 0.811200 0.453151 0.820778 0.439451 0.828128 0.423496 0.832748 0.406374 0.834324 0.389252 0.832748 0.373297 0.828128 0.359596 0.820778 0.349083 0.811200 0.342474 0.800046 0.340220 0.788076 0.342474 0.776106 0.349083 0.764952 0.359596 0.755373 0.373297 0.748024 0.389252 0.743404 0.406374 0.741828 0.423496 0.743404 0.439451 0.748024 0.453151 0.755373 0.463665 0.764952 0.470273 0.776106
1 0.600879 0.783618 0.598775 0.798280 0.592605 0.811943 0.582791 0.823675 0.570000 0.832678 0.555105 0.838337 0.539121 0.840267 0.523137 0.838337 0.508242 0.832678 0.495451 0.823675 0.485637 0.811943 0.479467 0.798280 0.477363 0.783618 0.479467 0.768956 0.485637 0.755293 0.495451 0.743561 0.508242 0.734558 0.523137 0.728899 0.539121 0.726969 0.555105 0.728899 0.570000 0.734558 0.582791 0.743561 0.592605 0.755293 0.598775 0.768956
1 0.188132 0.919205 0.185698 0.932329 0.178562 0.944558 0.167211 0.955059 0.152418 0.963118 0.135190 0.968183 0.116703 0.969911 0.098216 0.968183 0.080989 0.963118 0.066196 0.955059 0.054844 0.944558 0.047709 0.932329 0.045275 0.919205 0.047709 0.906081 0.054844 0.893852 0.066196 0.883351 0.080989 0.875293 0.098216 0.870227 0.116703 0.868499 0.135190 0.870227 0.152418 0.875293 0.167211 0.883351 0.178562 0.893852 0.185698 0.906081
1 0.347692 0.912890 0.345169 0.927840 0.337769 0.941772 0.325999 0.953735 0.310659 0.962915 0.292796 0.968686 0.273626 0.970654 0.254457 0.968686 0.236593 0.962915 0.221254 0.953735 0.209483 0.941772 0.202084 0.927840 0.199560 0.912890 0.202084 0.897940 0.209483 0.884008 0.221254 0.872045 0.236593 0.862865 0.254457 0.857095 0.273626 0.855126 0.292796 0.857095 0.310659 0.862865 0.325999 0.872045 0.337769 0.884008 0.345169 0.897940
1 0.489231 0.907689 0.487022 0.922063 0.480544 0.935457 0.470241 0.946959 0.456813 0.955784 0.441176 0.961332 0.424396 0.963224 0.407615 0.961332 0.391978 0.955784 0.378550 0.946959 0.368247 0.935457 0.361770 0.922063 0.359560 0.907689 0.361770 0.893316 0.368247 0.879922 0.378550 0.868420 0.391978 0.859595 0.407615 0.854047 0.424396 0.852155 0.441176 0.854047 0.456813 0.859595 0.470241 0.868420 0.480544 0.879922 0.487022 0.893316
1 0.641319 0.913633 0.638840 0.927045 0.631572 0.939543 0.620012 0.950275 0.604945 0.958511 0.587400 0.963687 0.568571 0.965453 0.549743 0.963687 0.532198 0.958511 0.517131 0.950275 0.505570 0.939543 0.498303 0.927045 0.495824 0.913633 0.498303 0.900221 0.505570 0.887723 0.517131 0.876991 0.532198 0.868755 0.549743 0.863579 0.568571 0.861813 0.587400 0.863579 0.604945 0.868755 0.620012 0.876991 0.631572 0.887723 0.638840 0.900221
1 0.808352 0.937036 0.805948 0.952947 0.798900 0.967775 0.787688 0.980507 0.773077 0.990278 0.756062 0.996419 0.737802 0.998514 0.719543 0.996419 0.702527 0.990278 0.687916 0.980507 0.676705 0.967775 0.669657 0.952947 0.667253 0.937036 0.669657 0.921124 0.676705 0.906296 0.687916 0.893564 0.702527 0.883794 0.719543 0.877652 0.737802 0.875557 0.756062 0.877652 0.773077 0.883794 0.787688 0.893564 0.798900 0.906296 0.805948 0.921124
1 1.000000 0.911776 0.997678 0.928649 0.990872 0.944372 0.980045 0.957874 0.965934 0.968235 0.949502 0.974747 0.931868 0.976969 0.914234 0.974747 0.897802 0.968235 0.883692 0.957874 0.872864 0.944372 0.866058 0.928649 0.863736 0.911776 0.866058 0.894902 0.872864 0.879179 0.883692 0.865677 0.897802 0.855317 0.914234 0.848804 0.931868 0.846582 0.949502 0.848804 0.965934 0.855317 0.980045 0.865677 0.990872 0.879179 0.997678 0.894902
1 0.456703 0.111308 0.455108 0.119322 0.450432 0.126790 0.442992 0.133204 0.433297 0.138125 0.422006 0.141218 0.409890 0.142273 0.397774 0.141218 0.386484 0.138125 0.376788 0.133204 0.369349 0.126790 0.364672 0.119322 0.363077 0.111308 0.364672 0.103293 0.369349 0.095825 0.376788 0.089411 0.386484 0.084490 0.397774 0.081397 0.409890 0.080342 0.422006 0.081397 0.433297 0.084490 0.442992 0.089411 0.450432 0.095825 0.455108 0.103293
0 0.520488 0.075739 0.503235 0.081111 0.483253 0.104138 0.493697 0.134840 0.507319 0.147504 0.537745 0.142515 0.562721 0.122559 0.555912 0.086482
0 0.410967 0.137348 0.402826 0.196976 0.444888 0.207582 0.495433 0.192389 0.494075 0.154261 0.465582 0.125880
0 0.353301 0.163146 0.325486 0.180921 0.338712 0.203856 0.378400 0.201850 0.382132 0.194681 0.375011 0.171460
0 0.244070 0.118425 0.207776 0.135056 0.192848 0.167162 0.228466 0.202422 0.270189 0.205290 0.302418 0.178343 0.303095 0.140215 0.280369 0.125019
0 0.170462 0.166876 0.154519 0.180635 0.155196 0.205004 0.181996 0.200702 0.197600 0.184361 0.185385 0.165442
0 0.167407 0.228510 0.195903 0.256315 0.180976 0.271798 0.155534 0.278678 0.137556 0.275524 0.126699 0.242556 0.146374 0.227077
0 0.271886 0.221341 0.258998 0.235962 0.265103 0.264342 0.293257 0.272656 0.322092 0.258897 0.313952 0.228510 0.301736 0.216757
0 0.393327 0.206724 0.363477 0.221341 0.360760 0.251445 0.382475 0.264342 0.417749 0.263770 0.438105 0.245996 0.429284 0.224781
0 0.510699 0.219049 0.482884 0.229655 0.492040 0.256315 0.521213 0.259759 0.534782 0.249721
0 0.093798 0.276096 0.048343 0.305910 0.041895 0.352927 0.104312 0.359807 0.184031 0.326553 0.131789 0.271512
0 0.196242 0.266348 0.179279 0.280397 0.175886 0.320817 0.198277 0.342604 0.235930 0.337444 0.261033 0.316233 0.270189 0.280684 0.234910 0.260903
0 0.312932 0.254309 0.277314 0.281256 0.267477 0.307344 0.301059 0.333146 0.341429 0.342894 0.377385 0.341746 0.390615 0.323399 0.382475 0.254595 0.347196 0.249435
0 0.455407 0.266348 0.425895 0.278678 0.415037 0.293013 0.416057 0.338878 0.440818 0.353785 0.475081 0.348340 0.508325 0.308778 0.493398 0.281545
0 0.110079 0.420007 0.095495 0.451828 0.113134 0.471894 0.144681 0.471322 0.156211 0.450680 0.151464 0.425739
0 0.240677 0.387611 0.221345 0.405386 0.223037 0.439788 0.249160 0.443228 0.266119 0.434915 0.267138 0.409974
0 0.366189 0.378154 0.327521 0.391627 0.318699 0.419435 0.336000 0.434342 0.378743 0.431761 0.398418 0.415134 0.389596 0.384172
0 0.464563 0.385892 0.433015 0.391913 0.431319 0.435773 0.458796 0.463581 0.511376 0.431189 0.525960 0.409402 0.492040 0.387325
0 0.097530 0.493681 0.082602 0.517188 0.085314 0.552162 0.119240 0.563919 0.133147 0.559045 0.162998 0.521776 0.142303 0.494257
0 0.206418 0.464729 0.201327 0.533529 0.254246 0.540984 0.300721 0.522637 0.309538 0.489669 0.269851 0.443514 0.248822 0.441222
0 0.354655 0.489955 0.398756 0.484796 0.421824 0.516902 0.386545 0.544710 0.346176 0.514610
0 0.468295 0.460427 0.449978 0.500275 0.459477 0.535825 0.494756 0.546716 0.545635 0.549584 0.567007 0.525215 0.554457 0.464443 0.531727 0.450970 0.486611 0.448102
0 0.669793 0.118715 0.648422 0.136200 0.666062 0.178053 0.710158 0.180349 0.750866 0.149673 0.735262 0.124733 0.702356 0.109825
0 0.595503 0.158276 0.638923 0.156267 0.677253 0.200416 0.640620 0.218763 0.598554 0.209016
0 0.718637 0.165728 0.705073 0.221341 0.737297 0.244562 0.780716 0.224209 0.775969 0.174614 0.753240 0.165728
0 0.637565 0.214461 0.616875 0.227649 0.593130 0.268930 0.624677 0.286419 0.669451 0.278392 0.687090 0.223061
0 0.754259 0.225071 0.695574 0.250011 0.712532 0.301326 0.751881 0.322537 0.784787 0.309640 0.836347 0.269502 0.797679 0.225357
0 0.659613 0.271512 0.610769 0.296163 0.613143 0.370412 0.678949 0.374138 0.710835 0.359807 0.746796 0.315085 0.690145 0.274376
0 0.804800 0.322823 0.775288 0.330565 0.762738 0.366686 0.806835 0.387325 0.843473 0.362961 0.832615 0.330851
0 0.686075 0.375000 0.741367 0.370412 0.780716 0.402519 0.774273 0.441794 0.721015 0.456987 0.668774 0.435201 0.666062 0.392485
0 0.818708 0.418288 0.793266 0.428035 0.780040 0.453548 0.827530 0.477340 0.864844 0.471894 0.867556 0.428607 0.859077 0.412266
0 0.730514 0.418860 0.677596 0.447816 0.652492 0.486230 0.703376 0.524643 0.789534 0.538689 0.803103 0.466163 0.781736 0.436348
0 0.824136 0.490241 0.818369 0.539551 0.853310 0.564777 0.891640 0.530665 0.863486 0.503143
0 0.116132 0.752229 0.067675 0.796122 0.072765 0.846865 0.107367 0.859476 0.145020 0.856036 0.183011 0.826512 0.191490 0.787522 0.163675 0.754840
0 0.247464 0.741657 0.231521 0.778061 0.231182 0.821924 0.287152 0.832244 0.343802 0.768027
0 0.099903 0.888718 0.151464 0.893592 0.173851 0.933726 0.130092 0.965260 0.064286 0.952645 0.070391 0.907351
0 0.280369 0.870944 0.254927 0.893878 0.253908 0.929138 0.292919 0.936594 0.325143 0.927132 0.308523 0.882983
0 0.388580 0.748822 0.450316 0.761724 0.423178 0.796408 0.396721 0.804721 0.386545 0.778061
0 0.407574 0.867589 0.373991 0.887084 0.378743 0.928079 0.387899 0.939547 0.453029 0.931519 0.452013 0.887084
0 0.500527 0.717942 0.489666 0.766107 0.490686 0.816850 0.574132 0.819428 0.607385 0.758952
0 0.557508 0.878484 0.531051 0.920052 0.573793 0.953592 0.593807 0.930944 0.605002 0.899699
0 0.710497 0.891096 0.671147 0.904859 0.665723 0.938971 0.688110 0.984840 0.737297 0.997452 0.763077 0.981114 0.787842 0.951872 0.782075 0.916898 0.746114 0.891096
0 0.892659 0.857270 0.864844 0.912311 0.916743 0.965345 0.975767 0.967927 0.997477 0.954740 0.987297 0.879643