1 0.086675 0.585126 0.085304 0.614059 0.081285 0.641020 0.074891 0.664171 0.066559 0.681936 0.056855 0.693104 0.046442 0.696913 0.036029 0.693104 0.026326 0.681936 0.017994 0.664171 0.011600 0.641020 0.007580 0.614059 0.006210 0.585126 0.007580 0.556194 0.011600 0.529233 0.017994 0.506081 0.026326 0.488316 0.036029 0.477149 0.046442 0.473340 0.056855 0.477149 0.066559 0.488316 0.074891 0.506081 0.081285 0.529233 0.085304 0.556194
1 0.076067 0.847989 0.074864 0.883700 0.071336 0.916978 0.065723 0.945555 0.058409 0.967482 0.049891 0.981267 0.040750 0.985968 0.031610 0.981267 0.023092 0.967482 0.015777 0.945555 0.010165 0.916978 0.006637 0.883700 0.005433 0.847989 0.006637 0.812277 0.010165 0.778999 0.015777 0.750423 0.023092 0.728495 0.031610 0.714711 0.040750 0.710009 0.049891 0.714711 0.058409 0.728495 0.065723 0.750423 0.071336 0.778999 0.074864 0.812277
1 0.169211 0.539289 0.167814 0.574759 0.163717 0.607811 0.157200 0.636194 0.148706 0.657973 0.138816 0.671663 0.128202 0.676333 0.117588 0.671663 0.107697 0.657973 0.099204 0.636194 0.092687 0.607811 0.088590 0.574759 0.087193 0.539289 0.088590 0.503819 0.092687 0.470767 0.099204 0.442384 0.107697 0.420606 0.117588 0.406915 0.128202 0.402245 0.138816 0.406915 0.148706 0.420606 0.157200 0.442384 0.163717 0.470767 0.167814 0.503819
1 0.156274 0.828344 0.155000 0.862845 0.151265 0.894995 0.145324 0.922603 0.137581 0.943787 0.128564 0.957104 0.118887 0.961646 0.109211 0.957104 0.100194 0.943787 0.092451 0.922603 0.086510 0.894995 0.082775 0.862845 0.081501 0.828344 0.082775 0.793843 0.086510 0.761693 0.092451 0.734085 0.100194 0.712901 0.109211 0.699584 0.118887 0.695042 0.128564 0.699584 0.137581 0.712901 0.145324 0.734085 0.151265 0.761693 0.155000 0.793843
1 0.242950 0.473807 0.241658 0.511698 0.237871 0.547007 0.231848 0.577327 0.223997 0.600592 0.214856 0.615217 0.205045 0.620206 0.195235 0.615217 0.186093 0.600592 0.178243 0.577327 0.172219 0.547007 0.168433 0.511698 0.167141 0.473807 0.168433 0.435917 0.172219 0.400608 0.178243 0.370288 0.186093 0.347022 0.195235 0.332397 0.205045 0.327409 0.214856 0.332397 0.223997 0.347022 0.231848 0.370288 0.237871 0.400608 0.241658 0.435917
1 0.228719 0.772217 0.227507 0.808655 0.223953 0.842610 0.218299 0.871768 0.210931 0.894141 0.202351 0.908206 0.193144 0.913003 0.183936 0.908206 0.175356 0.894141 0.167988 0.871768 0.162334 0.842610 0.158780 0.808655 0.157568 0.772217 0.158780 0.735779 0.162334 0.701824 0.167988 0.672666 0.175356 0.650293 0.183936 0.636228 0.193144 0.631431 0.202351 0.636228 0.210931 0.650293 0.218299 0.672666 0.223953 0.701824 0.227507 0.735779
1 0.308150 0.832086 0.306973 0.868282 0.303522 0.902011 0.298033 0.930975 0.290880 0.953200 0.282549 0.967171 0.273609 0.971936 0.264670 0.967171 0.256339 0.953200 0.249185 0.930975 0.243696 0.902011 0.240246 0.868282 0.239069 0.832086 0.240246 0.795890 0.243696 0.762161 0.249185 0.733197 0.256339 0.710972 0.264670 0.697001 0.273609 0.692236 0.282549 0.697001 0.290880 0.710972 0.298033 0.733197 0.303522 0.762161 0.306973 0.795890
1 0.358603 0.462582 0.357329 0.498536 0.353594 0.532039 0.347652 0.560809 0.339909 0.582886 0.330892 0.596763 0.321216 0.601497 0.311540 0.596763 0.302523 0.582886 0.294780 0.560809 0.288838 0.532039 0.285103 0.498536 0.283829 0.462582 0.285103 0.426628 0.288838 0.393124 0.294780 0.364354 0.302523 0.342278 0.311540 0.328400 0.321216 0.323667 0.330892 0.328400 0.339909 0.342278 0.347652 0.364354 0.353594 0.393124 0.357329 0.426628
1 0.448900 0.568288 0.447529 0.602789 0.443510 0.634939 0.437116 0.662547 0.428784 0.683731 0.419081 0.697048 0.408668 0.701590 0.398254 0.697048 0.388551 0.683731 0.380219 0.662547 0.373825 0.634939 0.369806 0.602789 0.368435 0.568288 0.369806 0.533787 0.373825 0.501637 0.380219 0.474029 0.388551 0.452845 0.398254 0.439528 0.408668 0.434986 0.419081 0.439528 0.428784 0.452845 0.437116 0.474029 0.443510 0.501637 0.447529 0.533787
1 0.410608 0.835828 0.409237 0.871782 0.405218 0.905285 0.398824 0.934056 0.390492 0.956132 0.380788 0.970009 0.370375 0.974743 0.359962 0.970009 0.350259 0.956132 0.341926 0.934056 0.335532 0.905285 0.331513 0.871782 0.330142 0.835828 0.331513 0.799874 0.335532 0.766370 0.341926 0.737600 0.350259 0.715524 0.359962 0.701646 0.370375 0.696913 0.380788 0.701646 0.390492 0.715524 0.398824 0.737600 0.405218 0.766370 0.409237 0.799874
1 0.492885 0.799345 0.491558 0.838446 0.487668 0.874883 0.481480 0.906172 0.473415 0.930181 0.464024 0.945273 0.453946 0.950421 0.443867 0.945273 0.434476 0.930181 0.426411 0.906172 0.420223 0.874883 0.416333 0.838446 0.415006 0.799345 0.416333 0.760244 0.420223 0.723807 0.426411 0.692518 0.434476 0.668510 0.443867 0.653417 0.453946 0.648269 0.464024 0.653417 0.473415 0.668510 0.481480 0.692518 0.487668 0.723807 0.491558 0.760244
1 0.489780 0.348457 0.488506 0.384410 0.484771 0.417914 0.478830 0.446684 0.471087 0.468760 0.462070 0.482638 0.452393 0.487371 0.442717 0.482638 0.433700 0.468760 0.425957 0.446684 0.420015 0.417914 0.416280 0.384410 0.415006 0.348457 0.416280 0.312503 0.420015 0.278999 0.425957 0.250229 0.433700 0.228153 0.442717 0.214275 0.452393 0.209542 0.462070 0.214275 0.471087 0.228153 0.478830 0.250229 0.484771 0.278999 0.488506 0.312503
1 0.583182 0.304490 0.581812 0.339718 0.577792 0.372544 0.571398 0.400733 0.563066 0.422364 0.553363 0.435961 0.542950 0.440599 0.532537 0.435961 0.522833 0.422364 0.514501 0.400733 0.508107 0.372544 0.504088 0.339718 0.502717 0.304490 0.504088 0.269263 0.508107 0.236436 0.514501 0.208247 0.522833 0.186617 0.532537 0.173019 0.542950 0.168382 0.553363 0.173019 0.563066 0.186617 0.571398 0.208247 0.577792 0.236436 0.581812 0.269263
1 0.596119 0.589804 0.594748 0.624063 0.590729 0.655987 0.584335 0.683401 0.576003 0.704436 0.566299 0.717660 0.555886 0.722170 0.545473 0.717660 0.535770 0.704436 0.527437 0.683401 0.521043 0.655987 0.517024 0.624063 0.515653 0.589804 0.517024 0.555545 0.521043 0.523620 0.527437 0.496206 0.535770 0.475171 0.545473 0.461947 0.555886 0.457437 0.566299 0.461947 0.576003 0.475171 0.584335 0.496206 0.590729 0.523620 0.594748 0.555545
1 0.577232 0.838634 0.575852 0.872167 0.571807 0.903414 0.565372 0.930247 0.556986 0.950837 0.547220 0.963780 0.536740 0.968195 0.526260 0.963780 0.516494 0.950837 0.508108 0.930247 0.501673 0.903414 0.497628 0.872167 0.496248 0.838634 0.497628 0.805102 0.501673 0.773854 0.508108 0.747021 0.516494 0.726432 0.526260 0.713489 0.536740 0.709074 0.547220 0.713489 0.556986 0.726432 0.565372 0.747021 0.571807 0.773854 0.575852 0.805102
1 0.668047 0.278297 0.666491 0.310135 0.661928 0.339804 0.654671 0.365280 0.645213 0.384829 0.634200 0.397118 0.622380 0.401310 0.610561 0.397118 0.599547 0.384829 0.590089 0.365280 0.582832 0.339804 0.578270 0.310135 0.576714 0.278297 0.578270 0.246460 0.582832 0.216791 0.590089 0.191315 0.599547 0.171766 0.610561 0.159477 0.622380 0.155285 0.634200 0.159477 0.645213 0.171766 0.654671 0.191315 0.661928 0.216791 0.666491 0.246460
1 0.668823 0.535547 0.667452 0.568596 0.663433 0.599392 0.657039 0.625837 0.648706 0.646130 0.639003 0.658886 0.628590 0.663237 0.618177 0.658886 0.608473 0.646130 0.600141 0.625837 0.593747 0.599392 0.589728 0.568596 0.588357 0.535547 0.589728 0.502499 0.593747 0.471703 0.600141 0.445257 0.608473 0.424965 0.618177 0.412209 0.628590 0.407858 0.639003 0.412209 0.648706 0.424965 0.657039 0.445257 0.663433 0.471703 0.667452 0.502499
1 0.662872 0.838634 0.661501 0.874588 0.657482 0.908092 0.651088 0.936862 0.642756 0.958938 0.633052 0.972816 0.622639 0.977549 0.612226 0.972816 0.602523 0.958938 0.594190 0.936862 0.587796 0.908092 0.583777 0.874588 0.582406 0.838634 0.583777 0.802680 0.587796 0.769177 0.594190 0.740407 0.602523 0.718330 0.612226 0.704453 0.622639 0.699719 0.633052 0.704453 0.642756 0.718330 0.651088 0.740407 0.657482 0.769177 0.661501 0.802680
1 0.747219 0.251169 0.745848 0.283007 0.741828 0.312675 0.735435 0.338152 0.727102 0.357701 0.717399 0.369990 0.706986 0.374181 0.696573 0.369990 0.686869 0.357701 0.678537 0.338152 0.672143 0.312675 0.668124 0.283007 0.666753 0.251169 0.668124 0.219331 0.672143 0.189663 0.678537 0.164187 0.686869 0.144638 0.696573 0.132349 0.706986 0.128157 0.717399 0.132349 0.727102 0.144638 0.735435 0.164187 0.741828 0.189663 0.745848 0.219331
1 0.757568 0.536483 0.756197 0.568321 0.752178 0.597989 0.745784 0.623465 0.737451 0.643014 0.727748 0.655303 0.717335 0.659495 0.706922 0.655303 0.697219 0.643014 0.688886 0.623465 0.682492 0.597989 0.678473 0.568321 0.677102 0.536483 0.678473 0.504645 0.682492 0.474977 0.688886 0.449500 0.697219 0.429951 0.706922 0.417662 0.717335 0.413471 0.727748 0.417662 0.737451 0.429951 0.745784 0.449500 0.752178 0.474977 0.756197 0.504645
1 0.742561 0.852198 0.741191 0.890452 0.737171 0.926099 0.730778 0.956710 0.722445 0.980198 0.712742 0.994964 0.702329 1.000000 0.691916 0.994964 0.682212 0.980198 0.673880 0.956710 0.667486 0.926099 0.663467 0.890452 0.662096 0.852198 0.663467 0.813944 0.667486 0.778297 0.673880 0.747687 0.682212 0.724198 0.691916 0.709433 0.702329 0.704397 0.712742 0.709433 0.722445 0.724198 0.730778 0.747687 0.737171 0.778297 0.741191 0.813944
1 0.830013 0.231525 0.828642 0.263363 0.824623 0.293031 0.818229 0.318508 0.809897 0.338056 0.800193 0.350345 0.789780 0.354537 0.779367 0.350345 0.769664 0.338056 0.761331 0.318508 0.754937 0.293031 0.750918 0.263363 0.749547 0.231525 0.750918 0.199687 0.754937 0.170019 0.761331 0.144542 0.769664 0.124993 0.779367 0.112704 0.789780 0.108513 0.800193 0.112704 0.809897 0.124993 0.818229 0.144542 0.824623 0.170019 0.828642 0.199687
1 0.841656 0.536483 0.840285 0.568321 0.836266 0.597989 0.829872 0.623465 0.821539 0.643014 0.811836 0.655303 0.801423 0.659495 0.791010 0.655303 0.781307 0.643014 0.772974 0.623465 0.766580 0.597989 0.762561 0.568321 0.761190 0.536483 0.762561 0.504645 0.766580 0.474977 0.772974 0.449500 0.781307 0.429951 0.791010 0.417662 0.801423 0.413471 0.811836 0.417662 0.821539 0.429951 0.829872 0.449500 0.836266 0.474977 0.840285 0.504645
1 0.837775 0.837699 0.836307 0.876800 0.832003 0.913237 0.825157 0.944525 0.816235 0.968534 0.805846 0.983627 0.794696 0.988775 0.783546 0.983627 0.773157 0.968534 0.764235 0.944525 0.757389 0.913237 0.753085 0.876800 0.751617 0.837699 0.753085 0.798597 0.757389 0.762161 0.764235 0.730872 0.773157 0.706863 0.783546 0.691771 0.794696 0.686623 0.805846 0.691771 0.816235 0.706863 0.825157 0.730872 0.832003 0.762161 0.836307 0.798597
1 0.898577 0.118335 0.897206 0.148962 0.893187 0.177502 0.886793 0.202010 0.878461 0.220816 0.868757 0.232638 0.858344 0.236670 0.847931 0.232638 0.838228 0.220816 0.829895 0.202010 0.823501 0.177502 0.819482 0.148962 0.818111 0.118335 0.819482 0.087708 0.823501 0.059167 0.829895 0.034659 0.838228 0.015854 0.847931 0.004032 0.858344 0.000000 0.868757 0.004032 0.878461 0.015854 0.886793 0.034659 0.893187 0.059167 0.897206 0.087708
1 0.991462 0.248363 0.989976 0.290370 0.985621 0.329514 0.978693 0.363127 0.969664 0.388920 0.959149 0.405134 0.947865 0.410664 0.936582 0.405134 0.926067 0.388920 0.917038 0.363127 0.910110 0.329514 0.905755 0.290370 0.904269 0.248363 0.905755 0.206356 0.910110 0.167212 0.917038 0.133599 0.926067 0.107806 0.936582 0.091592 0.947865 0.086062 0.959149 0.091592 0.969664 0.107806 0.978693 0.133599 0.985621 0.167212 0.989976 0.206356
1 0.936611 0.538354 0.935125 0.576002 0.930770 0.611085 0.923842 0.641212 0.914812 0.664328 0.904298 0.678860 0.893014 0.683817 0.881731 0.678860 0.871216 0.664328 0.862187 0.641212 0.855259 0.611085 0.850903 0.576002 0.849418 0.538354 0.850903 0.500705 0.855259 0.465622 0.862187 0.435496 0.871216 0.412379 0.881731 0.397847 0.893014 0.392891 0.904298 0.397847 0.914812 0.412379 0.923842 0.435496 0.930770 0.465622 0.935125 0.500705
1 0.937128 0.842844 0.935625 0.883519 0.931218 0.921422 0.924207 0.953970 0.915071 0.978945 0.904432 0.994645 0.893014 1.000000 0.881597 0.994645 0.870957 0.978945 0.861821 0.953970 0.854811 0.921422 0.850404 0.883519 0.848900 0.842844 0.850404 0.802169 0.854811 0.764266 0.861821 0.731718 0.870957 0.706743 0.881597 0.691043 0.893014 0.685688 0.904432 0.691043 0.915071 0.706743 0.924207 0.731718 0.931218 0.764266 0.935625 0.802169
0 0.043467 0.465201 0.012807 0.543499 0.012678 0.635267 0.025123 0.717399 0.034618 0.731805 0.070246 0.659775 0.079897 0.559401 0.074127 0.499719
0 0.056585 0.730028 0.023803 0.753227 0.019612 0.817025 0.023467 0.901403 0.044476 0.937231 0.066261 0.899719 0.070737 0.832928 0.070530 0.764546
0 0.109030 0.606735 0.104605 0.523386 0.115653 0.498223 0.133195 0.528906 0.139353 0.582413 0.124217 0.606174
0 0.109858 0.697474 0.077646 0.761833 0.086934 0.937325 0.113713 0.978578 0.134049 0.910945 0.144631 0.830589 0.141630 0.696539
0 0.208124 0.289336 0.182329 0.344247 0.151255 0.498036 0.173713 0.583723 0.219871 0.574556 0.253609 0.475023 0.247038 0.361553
0 0.233583 0.744153 0.218422 0.642657 0.171591 0.630683 0.145201 0.761366 0.167658 0.905051 0.212497 0.914500
0 0.279379 0.778765 0.268616 0.790458 0.244502 0.840225 0.265019 0.917961 0.293454 0.883723 0.293247 0.806268
0 0.328590 0.299252 0.277490 0.335828 0.267167 0.478297 0.272678 0.551356 0.314825 0.620767 0.356145 0.520954 0.344735 0.342470
0 0.399741 0.432928 0.377206 0.510477 0.367426 0.595323 0.378680 0.662675 0.406391 0.697755 0.436688 0.635360 0.442561 0.494200
0 0.384088 0.702152 0.352911 0.715529 0.331876 0.789710 0.333661 0.866978 0.351695 0.952385 0.379534 0.973620 0.408849 0.890552 0.405459 0.753508
0 0.400181 0.734051 0.411307 0.917680 0.468072 0.949485 0.495188 0.897568 0.516559 0.696445 0.455239 0.536389 0.407503 0.640412
0 0.410142 0.292142 0.416481 0.416651 0.434670 0.478204 0.467684 0.485407 0.483105 0.402713 0.487710 0.285220 0.444036 0.193358
0 0.598344 0.163237 0.510737 0.136202 0.492290 0.336389 0.527762 0.451918 0.584424 0.431244
0 0.589470 0.420861 0.579922 0.408793 0.540906 0.409822 0.511591 0.458279 0.500621 0.628064 0.505796 0.699065 0.571824 0.809261 0.616378 0.632647
0 0.528124 0.727689 0.555705 0.746679 0.561138 0.805051 0.549780 0.885781 0.529547 0.925725 0.509185 0.851824 0.515395 0.750982
0 0.644295 0.236389 0.643622 0.340973 0.626184 0.391768 0.597620 0.383255 0.586934 0.322825 0.593169 0.193732
0 0.636611 0.414874 0.666831 0.476333 0.664890 0.581291 0.646649 0.638915 0.622639 0.650421 0.603545 0.572404 0.604295 0.471282
0 0.638008 0.747428 0.650168 0.893078 0.640906 0.942376 0.627270 0.967914 0.599819 0.931618 0.595964 0.844528 0.602329 0.793452
0 0.696999 0.101684 0.721164 0.104022 0.749133 0.147895 0.760440 0.276520 0.751772 0.334518 0.725925 0.402900 0.687451 0.410384 0.671462 0.340599 0.669392 0.166043
0 0.711674 0.405173 0.728724 0.408026 0.743627 0.500683 0.742140 0.534640 0.720070 0.635949 0.697935 0.627671 0.685555 0.556296 0.681674 0.515884
0 0.684217 0.787839 0.706649 0.755940 0.722406 0.865108 0.703053 0.916651 0.677283 0.919645
0 0.760673 0.072404 0.799379 0.043312 0.867762 0.212254 0.863467 0.243686 0.802639 0.392142 0.747245 0.303087
0 0.802794 0.380823 0.839767 0.449392 0.815343 0.599345 0.792781 0.617306 0.766856 0.427128
0 0.785796 0.719083 0.763131 0.734051 0.753014 0.910477 0.798163 0.989523 0.823674 0.959308 0.837620 0.874275 0.823312 0.755005
0 0.946649 0.058559 0.978448 0.079046 1.000000 0.191207 0.999767 0.291113 0.995395 0.330122 0.977646 0.382133 0.942458 0.420486 0.914903 0.351169 0.903441 0.258840 0.908719 0.157998 0.925873 0.082507
0 0.909470 0.362675 0.953376 0.493265 0.950401 0.636857 0.892057 0.725444 0.863829 0.686904 0.843726 0.476052 0.868486 0.369411
0 0.881113 0.753040 0.911125 0.877175 0.897697 0.907390 0.865925 0.915809 0.853247 0.865388 0.859922 0.745650
0 0.853092 0.012442 0.882743 0.040786 0.898680 0.101777 0.895420 0.176427 0.856818 0.240692 0.834592 0.175023 0.829133 0.105987