1 0.184456 0.104508 0.183015 0.121198 0.178791 0.136750 0.172072 0.150105 0.163315 0.160353 0.153118 0.166795 0.142174 0.168992 0.131231 0.166795 0.121033 0.160353 0.112276 0.150105 0.105557 0.136750 0.101333 0.121198 0.099892 0.104508 0.101333 0.087818 0.105557 0.072266 0.112276 0.058911 0.121033 0.048663 0.131231 0.042221 0.142174 0.040024 0.153118 0.042221 0.163315 0.048663 0.172072 0.058911 0.178791 0.072266 0.183015 0.087818
1 0.292586 0.093004 0.291098 0.108937 0.286735 0.123784 0.279794 0.136534 0.270749 0.146317 0.260216 0.152467 0.248912 0.154565 0.237608 0.152467 0.227075 0.146317 0.218030 0.136534 0.211089 0.123784 0.206726 0.108937 0.205238 0.093004 0.206726 0.077070 0.211089 0.062223 0.218030 0.049473 0.227075 0.039690 0.237608 0.033540 0.248912 0.031442 0.260216 0.033540 0.270749 0.039690 0.279794 0.049473 0.286735 0.062223 0.291098 0.077070
1 0.567031 0.268029 0.565595 0.284071 0.561383 0.299019 0.554684 0.311855 0.545953 0.321704 0.535785 0.327896 0.524874 0.330008 0.513963 0.327896 0.503795 0.321704 0.495064 0.311855 0.488364 0.299019 0.484153 0.284071 0.482716 0.268029 0.484153 0.251988 0.488364 0.237040 0.495064 0.224204 0.503795 0.214354 0.513963 0.208163 0.524874 0.206051 0.535785 0.208163 0.545953 0.214354 0.554684 0.224204 0.561383 0.237040 0.565595 0.251988
1 0.232511 0.219364 0.231143 0.235115 0.227133 0.249792 0.220754 0.262396 0.212441 0.272068 0.202760 0.278147 0.192372 0.280221 0.181983 0.278147 0.172302 0.272068 0.163989 0.262396 0.157610 0.249792 0.153600 0.235115 0.152232 0.219364 0.153600 0.203613 0.157610 0.188935 0.163989 0.176331 0.172302 0.166660 0.181983 0.160580 0.192372 0.158507 0.202760 0.160580 0.212441 0.166660 0.220754 0.176331 0.227133 0.188935 0.231143 0.203613
1 0.361903 0.273385 0.360459 0.289428 0.356225 0.304378 0.349489 0.317215 0.340711 0.327066 0.330489 0.333258 0.319519 0.335370 0.308550 0.333258 0.298327 0.327066 0.289549 0.317215 0.282814 0.304378 0.278580 0.289428 0.277136 0.273385 0.278580 0.257342 0.282814 0.242392 0.289549 0.229554 0.298327 0.219704 0.308550 0.213511 0.319519 0.211399 0.330489 0.213511 0.340711 0.219704 0.349489 0.229554 0.356225 0.242392 0.360459 0.257342
1 0.640100 0.329818 0.638708 0.346209 0.634627 0.361483 0.628134 0.374598 0.619672 0.384663 0.609819 0.390989 0.599244 0.393147 0.588670 0.390989 0.578816 0.384663 0.570355 0.374598 0.563862 0.361483 0.559780 0.346209 0.558388 0.329818 0.559780 0.313427 0.563862 0.298154 0.570355 0.285038 0.578816 0.274974 0.588670 0.268647 0.599244 0.266489 0.609819 0.268647 0.619672 0.274974 0.628134 0.285038 0.634627 0.298154 0.638708 0.313427
1 0.716798 0.372859 0.715401 0.388901 0.711307 0.403849 0.704794 0.416685 0.696306 0.426534 0.686422 0.432726 0.675814 0.434838 0.665207 0.432726 0.655323 0.426534 0.646835 0.416685 0.640322 0.403849 0.636227 0.388901 0.634831 0.372859 0.636227 0.356818 0.640322 0.341870 0.646835 0.329034 0.655323 0.319184 0.665207 0.312993 0.675814 0.310881 0.686422 0.312993 0.696306 0.319184 0.704794 0.329034 0.711307 0.341870 0.715401 0.356818
1 0.803754 0.375922 0.802440 0.390682 0.798586 0.404436 0.792456 0.416247 0.784466 0.425310 0.775163 0.431007 0.765179 0.432951 0.755194 0.431007 0.745891 0.425310 0.737901 0.416247 0.731771 0.404436 0.727917 0.390682 0.726603 0.375922 0.727917 0.361162 0.731771 0.347408 0.737901 0.335597 0.745891 0.326535 0.755194 0.320837 0.765179 0.318894 0.775163 0.320837 0.784466 0.326535 0.792456 0.335597 0.798586 0.347408 0.802440 0.361162
1 0.906713 0.429014 0.905393 0.444104 0.901525 0.458167 0.895372 0.470242 0.887353 0.479508 0.878014 0.485333 0.867993 0.487320 0.857971 0.485333 0.848633 0.479508 0.840613 0.470242 0.834460 0.458167 0.830592 0.444104 0.829273 0.429014 0.830592 0.413923 0.834460 0.399860 0.840613 0.387785 0.848633 0.378519 0.857971 0.372694 0.867993 0.370707 0.878014 0.372694 0.887353 0.378519 0.895372 0.387785 0.901525 0.399860 0.905393 0.413923
1 0.995266 0.435581 0.993996 0.450919 0.990275 0.465211 0.984355 0.477485 0.976640 0.486902 0.967655 0.492823 0.958014 0.494842 0.948373 0.492823 0.939388 0.486902 0.931673 0.477485 0.925753 0.465211 0.922032 0.450919 0.920762 0.435581 0.922032 0.420243 0.925753 0.405951 0.931673 0.393677 0.939388 0.384260 0.948373 0.378340 0.958014 0.376320 0.967655 0.378340 0.976640 0.384260 0.984355 0.393677 0.990275 0.405951 0.993996 0.420243
1 0.367418 0.406003 0.365909 0.422684 0.361483 0.438228 0.354442 0.451576 0.345266 0.461818 0.334581 0.468257 0.323114 0.470453 0.311647 0.468257 0.300962 0.461818 0.291786 0.451576 0.284745 0.438228 0.280319 0.422684 0.278810 0.406003 0.280319 0.389322 0.284745 0.373778 0.291786 0.360430 0.300962 0.350187 0.311647 0.343749 0.323114 0.341553 0.334581 0.343749 0.345266 0.350187 0.354442 0.360430 0.361483 0.373778 0.365909 0.389322
1 0.555624 0.553612 0.554192 0.570271 0.549994 0.585795 0.543316 0.599125 0.534613 0.609354 0.524478 0.615784 0.513601 0.617978 0.502725 0.615784 0.492590 0.609354 0.483887 0.599125 0.477208 0.585795 0.473010 0.570271 0.471578 0.553612 0.473010 0.536953 0.477208 0.521430 0.483887 0.508099 0.492590 0.497870 0.502725 0.491440 0.513601 0.489247 0.524478 0.491440 0.534613 0.497870 0.543316 0.508099 0.549994 0.521430 0.554192 0.536953
1 0.725369 0.519619 0.723921 0.536191 0.719675 0.551635 0.712921 0.564896 0.704119 0.575072 0.693869 0.581469 0.682869 0.583651 0.671869 0.581469 0.661619 0.575072 0.652817 0.564896 0.646062 0.551635 0.641817 0.536191 0.640368 0.519619 0.641817 0.503046 0.646062 0.487602 0.652817 0.474341 0.661619 0.464165 0.671869 0.457768 0.682869 0.455586 0.693869 0.457768 0.704119 0.464165 0.712921 0.474341 0.719675 0.487602 0.723921 0.503046
1 0.808158 0.499546 0.806768 0.515325 0.802694 0.530028 0.796211 0.542655 0.787764 0.552343 0.777926 0.558433 0.767369 0.560511 0.756812 0.558433 0.746974 0.552343 0.738526 0.542655 0.732044 0.530028 0.727969 0.515325 0.726579 0.499546 0.727969 0.483767 0.732044 0.469064 0.738526 0.456438 0.746974 0.446749 0.756812 0.440659 0.767369 0.438581 0.777926 0.440659 0.787764 0.446749 0.796211 0.456438 0.802694 0.469064 0.806768 0.483767
1 0.889058 0.557487 0.887680 0.573546 0.883640 0.588510 0.877215 0.601361 0.868840 0.611221 0.859088 0.617420 0.848622 0.619534 0.838157 0.617420 0.828405 0.611221 0.820030 0.601361 0.813604 0.588510 0.809565 0.573546 0.808187 0.557487 0.809565 0.541428 0.813604 0.526463 0.820030 0.513613 0.828405 0.503753 0.838157 0.497554 0.848622 0.495440 0.859088 0.497554 0.868840 0.503753 0.877215 0.513613 0.883640 0.526463 0.887680 0.541428
1 0.972071 0.571385 0.970608 0.587515 0.966318 0.602546 0.959493 0.615453 0.950599 0.625357 0.940241 0.631583 0.929126 0.633707 0.918011 0.631583 0.907653 0.625357 0.898758 0.615453 0.891934 0.602546 0.887643 0.587515 0.886180 0.571385 0.887643 0.555255 0.891934 0.540225 0.898758 0.527318 0.907653 0.517414 0.918011 0.511188 0.929126 0.509064 0.940241 0.511188 0.950599 0.517414 0.959493 0.527318 0.966318 0.540225 0.970608 0.555255
1 0.175096 0.421674 0.173648 0.437954 0.169403 0.453125 0.162649 0.466152 0.153848 0.476148 0.143598 0.482432 0.132599 0.484576 0.121600 0.482432 0.111351 0.476148 0.102549 0.466152 0.095796 0.453125 0.091550 0.437954 0.090102 0.421674 0.091550 0.405394 0.095796 0.390223 0.102549 0.377196 0.111351 0.367199 0.121600 0.360915 0.132599 0.358772 0.143598 0.360915 0.153848 0.367199 0.162649 0.377196 0.169403 0.390223 0.173648 0.405394
1 0.266381 0.481688 0.264861 0.497796 0.260404 0.512806 0.253314 0.525695 0.244073 0.535586 0.233312 0.541803 0.221765 0.543924 0.210217 0.541803 0.199457 0.535586 0.190216 0.525695 0.183126 0.512806 0.178669 0.497796 0.177148 0.481688 0.178669 0.465580 0.183126 0.450570 0.190216 0.437680 0.199457 0.427790 0.210217 0.421573 0.221765 0.419452 0.233312 0.421573 0.244073 0.427790 0.253314 0.437680 0.260404 0.450570 0.264861 0.465580
1 0.366298 0.542996 0.364835 0.559396 0.360547 0.574678 0.353725 0.587801 0.344835 0.597870 0.334482 0.604200 0.323372 0.606359 0.312263 0.604200 0.301910 0.597870 0.293020 0.587801 0.286198 0.574678 0.281910 0.559396 0.280447 0.542996 0.281910 0.526597 0.286198 0.511315 0.293020 0.498192 0.301910 0.488122 0.312263 0.481792 0.323372 0.479633 0.334482 0.481792 0.344835 0.488122 0.353725 0.498192 0.360547 0.511315 0.364835 0.526597
1 0.637707 0.608016 0.636242 0.624389 0.631946 0.639646 0.625114 0.652748 0.616209 0.662801 0.605840 0.669120 0.594712 0.671276 0.583584 0.669120 0.573215 0.662801 0.564310 0.652748 0.557478 0.639646 0.553183 0.624389 0.551718 0.608016 0.553183 0.591643 0.557478 0.576386 0.564310 0.563284 0.573215 0.553231 0.583584 0.546912 0.594712 0.544756 0.605840 0.546912 0.616209 0.553231 0.625114 0.563284 0.631946 0.576386 0.636242 0.591643
1 0.805812 0.626924 0.804387 0.643367 0.800209 0.658690 0.793562 0.671848 0.784900 0.681945 0.774812 0.688292 0.763987 0.690457 0.753162 0.688292 0.743074 0.681945 0.734412 0.671848 0.727765 0.658690 0.723587 0.643367 0.722162 0.626924 0.723587 0.610480 0.727765 0.595158 0.734412 0.582000 0.743074 0.571903 0.753162 0.565556 0.763987 0.563391 0.774812 0.565556 0.784900 0.571903 0.793562 0.582000 0.800209 0.595158 0.804387 0.610480
1 0.884962 0.705424 0.883633 0.721780 0.879736 0.737021 0.873536 0.750110 0.865456 0.760153 0.856048 0.766466 0.845951 0.768619 0.835854 0.766466 0.826445 0.760153 0.818366 0.750110 0.812166 0.737021 0.808269 0.721780 0.806939 0.705424 0.808269 0.689067 0.812166 0.673826 0.818366 0.660737 0.826445 0.650694 0.835854 0.644381 0.845951 0.642228 0.856048 0.644381 0.865456 0.650694 0.873536 0.660737 0.879736 0.673826 0.883633 0.689067
1 0.982211 0.711641 0.980757 0.727569 0.976495 0.742411 0.969716 0.755156 0.960880 0.764935 0.950591 0.771083 0.939549 0.773180 0.928507 0.771083 0.918218 0.764935 0.909382 0.755156 0.902602 0.742411 0.898340 0.727569 0.896887 0.711641 0.898340 0.695714 0.902602 0.680872 0.909382 0.668127 0.918218 0.658348 0.928507 0.652200 0.939549 0.650103 0.950591 0.652200 0.960880 0.658348 0.969716 0.668127 0.976495 0.680872 0.980757 0.695714
1 0.160309 0.595694 0.158827 0.612774 0.154485 0.628689 0.147576 0.642355 0.138573 0.652842 0.128089 0.659434 0.116837 0.661683 0.105586 0.659434 0.095102 0.652842 0.086099 0.642355 0.079190 0.628689 0.074848 0.612774 0.073366 0.595694 0.074848 0.578615 0.079190 0.562700 0.086099 0.549034 0.095102 0.538547 0.105586 0.531954 0.116837 0.529706 0.128089 0.531954 0.138573 0.538547 0.147576 0.549034 0.154485 0.562700 0.158827 0.578615
1 0.352633 0.685121 0.351124 0.702032 0.346699 0.717790 0.339661 0.731323 0.330488 0.741706 0.319806 0.748234 0.308343 0.750460 0.296880 0.748234 0.286198 0.741706 0.277025 0.731323 0.269986 0.717790 0.265562 0.702032 0.264052 0.685121 0.265562 0.668210 0.269986 0.652451 0.277025 0.638919 0.286198 0.628535 0.296880 0.622008 0.308343 0.619781 0.319806 0.622008 0.330488 0.628535 0.339661 0.638919 0.346699 0.652451 0.351124 0.668210
1 0.540427 0.719832 0.538945 0.736670 0.534599 0.752361 0.527685 0.765834 0.518675 0.776173 0.508183 0.782672 0.496923 0.784889 0.485664 0.782672 0.475171 0.776173 0.466161 0.765834 0.459248 0.752361 0.454902 0.736670 0.453419 0.719832 0.454902 0.702995 0.459248 0.687304 0.466161 0.673831 0.475171 0.663492 0.485664 0.656993 0.496923 0.654776 0.508183 0.656993 0.518675 0.663492 0.527685 0.673831 0.534599 0.687304 0.538945 0.702995
1 0.793055 0.751575 0.791575 0.768341 0.787236 0.783965 0.780334 0.797381 0.771338 0.807675 0.760863 0.814147 0.749621 0.816354 0.738380 0.814147 0.727905 0.807675 0.718909 0.797381 0.712007 0.783965 0.707668 0.768341 0.706188 0.751575 0.707668 0.734809 0.712007 0.719186 0.718909 0.705769 0.727905 0.695475 0.738380 0.689003 0.749621 0.686796 0.760863 0.689003 0.771338 0.695475 0.780334 0.705769 0.787236 0.719186 0.791575 0.734809
1 0.894886 0.841975 0.893429 0.858942 0.889157 0.874752 0.882362 0.888329 0.873506 0.898747 0.863193 0.905296 0.852127 0.907529 0.841060 0.905296 0.830747 0.898747 0.821891 0.888329 0.815096 0.874752 0.810825 0.858942 0.809368 0.841975 0.810825 0.825009 0.815096 0.809198 0.821891 0.795622 0.830747 0.785204 0.841060 0.778655 0.852127 0.776421 0.863193 0.778655 0.873506 0.785204 0.882362 0.795622 0.889157 0.809198 0.893429 0.825009
1 0.159230 0.744205 0.157737 0.761473 0.153361 0.777564 0.146398 0.791382 0.137325 0.801985 0.126759 0.808650 0.115420 0.810924 0.104081 0.808650 0.093515 0.801985 0.084442 0.791382 0.077480 0.777564 0.073103 0.761473 0.071610 0.744205 0.073103 0.726937 0.077480 0.710846 0.084442 0.697028 0.093515 0.686425 0.104081 0.679760 0.115420 0.677487 0.126759 0.679760 0.137325 0.686425 0.146398 0.697028 0.153361 0.710846 0.157737 0.726937
1 0.264329 0.744192 0.262801 0.760926 0.258322 0.776520 0.251197 0.789911 0.241911 0.800186 0.231098 0.806645 0.219494 0.808848 0.207890 0.806645 0.197076 0.800186 0.187791 0.789911 0.180666 0.776520 0.176187 0.760926 0.174659 0.744192 0.176187 0.727458 0.180666 0.711864 0.187791 0.698473 0.197076 0.688198 0.207890 0.681739 0.219494 0.679536 0.231098 0.681739 0.241911 0.688198 0.251197 0.698473 0.258322 0.711864 0.262801 0.727458
1 0.352046 0.837271 0.350523 0.854933 0.346056 0.871392 0.338951 0.885525 0.329691 0.896371 0.318907 0.903188 0.307335 0.905513 0.295763 0.903188 0.284980 0.896371 0.275720 0.885525 0.268615 0.871392 0.264148 0.854933 0.262625 0.837271 0.264148 0.819608 0.268615 0.803149 0.275720 0.789016 0.284980 0.778171 0.295763 0.771353 0.307335 0.769028 0.318907 0.771353 0.329691 0.778171 0.338951 0.789016 0.346056 0.803149 0.350523 0.819608
1 0.463783 0.864121 0.462265 0.881854 0.457815 0.898378 0.450736 0.912568 0.441511 0.923457 0.430768 0.930301 0.419239 0.932636 0.407711 0.930301 0.396967 0.923457 0.387742 0.912568 0.380663 0.898378 0.376213 0.881854 0.374696 0.864121 0.376213 0.846388 0.380663 0.829863 0.387742 0.815673 0.396967 0.804785 0.407711 0.797940 0.419239 0.795605 0.430768 0.797940 0.441511 0.804785 0.450736 0.815673 0.457815 0.829863 0.462265 0.846388
1 0.616144 0.899746 0.614670 0.917783 0.610349 0.934592 0.603476 0.949025 0.594519 0.960100 0.584088 0.967062 0.572894 0.969437 0.561700 0.967062 0.551269 0.960100 0.542312 0.949025 0.535439 0.934592 0.531118 0.917783 0.529645 0.899746 0.531118 0.881709 0.535439 0.864901 0.542312 0.850467 0.551269 0.839392 0.561700 0.832430 0.572894 0.830056 0.584088 0.832430 0.594519 0.839392 0.603476 0.850467 0.610349 0.864901 0.614670 0.881709
1 0.785436 0.910145 0.783946 0.926709 0.779579 0.942144 0.772632 0.955398 0.763578 0.965569 0.753035 0.971962 0.741721 0.974143 0.730407 0.971962 0.719863 0.965569 0.710810 0.955398 0.703863 0.942144 0.699495 0.926709 0.698006 0.910145 0.699495 0.893581 0.703863 0.878146 0.710810 0.864891 0.719863 0.854721 0.730407 0.848327 0.741721 0.846147 0.753035 0.848327 0.763578 0.854721 0.772632 0.864891 0.779579 0.878146 0.783946 0.893581
1 0.144274 0.889391 0.142847 0.907589 0.138664 0.924547 0.132011 0.939109 0.123339 0.950283 0.113241 0.957308 0.102405 0.959703 0.091568 0.957308 0.081470 0.950283 0.072799 0.939109 0.066145 0.924547 0.061962 0.907589 0.060535 0.889391 0.061962 0.871193 0.066145 0.854235 0.072799 0.839673 0.081470 0.828499 0.091568 0.821475 0.102405 0.819079 0.113241 0.821475 0.123339 0.828499 0.132011 0.839673 0.138664 0.854235 0.142847 0.871193
1 0.260615 0.880435 0.259031 0.898003 0.254386 0.914375 0.246998 0.928434 0.237368 0.939221 0.226155 0.946002 0.214122 0.948315 0.202088 0.946002 0.190875 0.939221 0.181246 0.928434 0.173857 0.914375 0.169213 0.898003 0.167628 0.880435 0.169213 0.862866 0.173857 0.846494 0.181246 0.832436 0.190875 0.821648 0.202088 0.814867 0.214122 0.812554 0.226155 0.814867 0.237368 0.821648 0.246998 0.832436 0.254386 0.846494 0.259031 0.862866
1 0.275334 0.346290 0.273874 0.362745 0.269593 0.378077 0.262783 0.391244 0.253907 0.401347 0.243571 0.407698 0.232480 0.409864 0.221388 0.407698 0.211053 0.401347 0.202177 0.391244 0.195367 0.378077 0.191086 0.362745 0.189626 0.346290 0.191086 0.329836 0.195367 0.314503 0.202177 0.301337 0.211053 0.291234 0.221388 0.284883 0.232480 0.282716 0.243571 0.284883 0.253907 0.291234 0.262783 0.301337 0.269593 0.314503 0.273874 0.329836
1 0.970831 0.838793 0.969371 0.855275 0.965089 0.870633 0.958278 0.883822 0.949401 0.893942 0.939064 0.900304 0.927970 0.902474 0.916877 0.900304 0.906540 0.893942 0.897663 0.883822 0.890852 0.870633 0.886570 0.855275 0.885110 0.838793 0.886570 0.822311 0.890852 0.806952 0.897663 0.793763 0.906540 0.783643 0.916877 0.777281 0.927970 0.775112 0.939064 0.777281 0.949401 0.783643 0.958278 0.793763 0.965089 0.806952 0.969371 0.822311
1 0.259944 0.614119 0.258482 0.631124 0.254197 0.646972 0.247380 0.660580 0.238495 0.671022 0.228149 0.677586 0.217046 0.679825 0.205944 0.677586 0.195598 0.671022 0.186713 0.660580 0.179896 0.646972 0.175611 0.631124 0.174149 0.614119 0.175611 0.597113 0.179896 0.581266 0.186713 0.567657 0.195598 0.557215 0.205944 0.550651 0.217046 0.548413 0.228149 0.550651 0.238495 0.557215 0.247380 0.567657 0.254197 0.581266 0.258482 0.597113
1 0.459928 0.458856 0.458451 0.474725 0.454120 0.489512 0.447231 0.502210 0.438254 0.511954 0.427799 0.518079 0.416579 0.520168 0.405359 0.518079 0.394905 0.511954 0.385927 0.502210 0.379038 0.489512 0.374707 0.474725 0.373230 0.458856 0.374707 0.442987 0.379038 0.428200 0.385927 0.415502 0.394905 0.405758 0.405359 0.399633 0.416579 0.397544 0.427799 0.399633 0.438254 0.405758 0.447231 0.415502 0.454120 0.428200 0.458451 0.442987
1 0.464700 0.617112 0.463221 0.634078 0.458887 0.649888 0.451992 0.663464 0.443006 0.673881 0.432542 0.680430 0.421313 0.682663 0.410084 0.680430 0.399620 0.673881 0.390634 0.663464 0.383739 0.649888 0.379405 0.634078 0.377926 0.617112 0.379405 0.600146 0.383739 0.584337 0.390634 0.570761 0.399620 0.560343 0.410084 0.553795 0.421313 0.551561 0.432542 0.553795 0.443006 0.560343 0.451992 0.570761 0.458887 0.584337 0.463221 0.600146
1 0.724813 0.658010 0.723375 0.674542 0.719157 0.689947 0.712446 0.703176 0.703702 0.713327 0.693518 0.719708 0.682590 0.721885 0.671662 0.719708 0.661478 0.713327 0.652733 0.703176 0.646023 0.689947 0.641805 0.674542 0.640366 0.658010 0.641805 0.641478 0.646023 0.626073 0.652733 0.612844 0.661478 0.602693 0.671662 0.596312 0.682590 0.594136 0.693518 0.596312 0.703702 0.602693 0.712446 0.612844 0.719157 0.626073 0.723375 0.641478
1 0.457159 0.334727 0.455691 0.350484 0.451387 0.365167 0.444541 0.377776 0.435618 0.387451 0.425228 0.393533 0.414078 0.395608 0.402927 0.393533 0.392537 0.387451 0.383614 0.377776 0.376768 0.365167 0.372464 0.350484 0.370996 0.334727 0.372464 0.318970 0.376768 0.304286 0.383614 0.291677 0.392537 0.282002 0.402927 0.275920 0.414078 0.273846 0.425228 0.275920 0.435618 0.282002 0.444541 0.291677 0.451387 0.304286 0.455691 0.318970
1 0.559767 0.400515 0.558345 0.416945 0.554176 0.432255 0.547545 0.445402 0.538903 0.455491 0.528840 0.461832 0.518040 0.463995 0.507240 0.461832 0.497176 0.455491 0.488534 0.445402 0.481903 0.432255 0.477735 0.416945 0.476313 0.400515 0.477735 0.384085 0.481903 0.368775 0.488534 0.355627 0.497176 0.345539 0.507240 0.339198 0.518040 0.337034 0.528840 0.339198 0.538903 0.345539 0.547545 0.355627 0.554176 0.368775 0.558345 0.384085
0 0.116987 0.085955 0.169733 0.086170 0.175637 0.109427 0.143120 0.163193 0.125876 0.151737 0.112798 0.097524
0 0.300044 0.026127 0.298053 0.098854 0.280126 0.146439 0.209066 0.144840 0.198793 0.127354 0.197967 0.070496 0.199644 0.034493 0.227388 0.002417
0 0.558979 0.235689 0.548765 0.309081 0.509319 0.301373 0.499382 0.264880 0.499843 0.258151 0.505547 0.243517 0.524885 0.214763
0 0.721113 0.333507 0.722096 0.369463 0.711400 0.417806 0.671365 0.443836 0.666307 0.438826 0.631056 0.392338 0.627037 0.353099 0.653603 0.289442 0.698403 0.310437
0 0.768465 0.451334 0.697698 0.363102 0.749110 0.276752 0.817923 0.321949 0.821155 0.340398 0.826659 0.413034
0 0.846142 0.496009 0.884258 0.490955 0.893371 0.481817 0.911097 0.413750 0.872573 0.349115 0.839244 0.354930 0.825028 0.402494
0 0.211686 0.136962 0.231790 0.215970 0.232466 0.228484 0.227258 0.240242 0.194590 0.279281 0.166045 0.267254 0.137170 0.219653 0.149543 0.191777
0 0.295368 0.253093 0.310324 0.280278 0.341115 0.314377 0.351077 0.273820 0.347072 0.258832 0.322284 0.236497
0 0.280501 0.288526 0.290187 0.381285 0.214878 0.423849 0.178533 0.334638 0.207273 0.254571
0 0.349813 0.422245 0.340666 0.425987 0.316906 0.422506 0.303540 0.401596 0.307363 0.392582 0.342168 0.389631
0 0.400339 0.303033 0.432640 0.290446 0.443808 0.329855 0.440228 0.356531 0.423472 0.371163 0.389684 0.346084
0 0.405107 0.401954 0.420238 0.409023 0.449356 0.445060 0.438609 0.494221 0.387250 0.498413 0.371557 0.442228 0.386152 0.419301
0 0.542473 0.331953 0.556591 0.338859 0.566564 0.430244 0.518091 0.481863 0.487118 0.425317 0.504436 0.334328
0 0.540120 0.533517 0.546020 0.537035 0.551883 0.555587 0.549639 0.573409 0.525959 0.620134 0.501679 0.590662 0.488290 0.538883 0.489187 0.527063 0.496147 0.523404
0 0.620253 0.357161 0.601905 0.370091 0.581373 0.355731 0.573860 0.335169 0.579289 0.292892 0.613290 0.311767
0 0.709758 0.528949 0.692986 0.553165 0.679955 0.555951 0.671633 0.550666 0.674869 0.519730 0.677623 0.508765 0.693861 0.476409 0.706327 0.507899
0 0.801574 0.460789 0.811171 0.506744 0.801455 0.544371 0.791050 0.567122 0.780679 0.580571 0.747869 0.579939 0.717309 0.535578 0.749343 0.463167 0.770898 0.448648 0.781717 0.449294
0 0.847875 0.502471 0.888022 0.530292 0.878379 0.607440 0.845575 0.608489 0.828655 0.590708 0.813862 0.562113 0.802879 0.530636 0.833069 0.510251
0 0.926592 0.546292 0.946456 0.556268 0.944018 0.580421 0.931642 0.600786 0.904107 0.560656
0 0.933973 0.682640 0.943495 0.692782 0.951582 0.712363 0.951415 0.736740 0.934582 0.746152 0.913045 0.725434 0.906922 0.712223 0.906898 0.697265 0.910648 0.686258
0 0.871853 0.621724 0.895597 0.662281 0.880707 0.752269 0.850583 0.787035 0.833443 0.772894 0.798497 0.732868 0.795774 0.722225 0.815183 0.628349 0.833238 0.620709
0 0.987277 0.895751 0.974242 0.782950 0.899000 0.758686 0.879975 0.857817 0.928818 0.915969 0.933476 0.918323
0 0.888098 0.838705 0.879409 0.877290 0.871689 0.892884 0.844939 0.890077 0.827034 0.880887 0.825428 0.820086 0.861013 0.784792
0 0.787532 0.724117 0.781371 0.756891 0.765631 0.794875 0.723401 0.751038 0.740500 0.697805
0 0.767433 0.909766 0.756028 0.933950 0.719751 0.901124 0.719703 0.852147
0 0.636142 0.942170 0.532157 0.970505 0.526971 0.931705 0.545539 0.829798 0.550887 0.824471 0.594622 0.839580
0 0.425815 0.838184 0.441079 0.858723 0.441567 0.885039 0.425043 0.902471 0.415158 0.903457 0.410134 0.888824 0.403381 0.847617
0 0.356072 0.848127 0.319774 0.776896 0.295770 0.772099 0.268316 0.839180 0.299104 0.902222
0 0.232204 0.974776 0.156272 0.932171 0.154656 0.844301 0.239571 0.800317 0.254723 0.894026
0 0.153852 0.919924 0.102983 0.994764 0.051716 0.980583 0.027730 0.877631 0.071921 0.812210 0.119648 0.822638 0.154198 0.871739
0 0.130307 0.826848 0.070803 0.806781 0.061074 0.715001 0.090746 0.689037 0.147589 0.685566 0.159150 0.750477
0 0.256739 0.710723 0.251584 0.771558 0.243461 0.779016 0.203094 0.807407 0.165317 0.743552 0.199403 0.677021 0.244265 0.667379
0 0.341677 0.641819 0.361768 0.712537 0.307008 0.741795 0.284082 0.717100 0.249123 0.659551 0.320038 0.634955
0 0.159437 0.535745 0.172781 0.608803 0.117063 0.653229 0.102323 0.645200 0.051455 0.582253 0.070826 0.549303 0.104734 0.530198
0 0.149203 0.348821 0.181480 0.433568 0.179221 0.441030 0.153841 0.472031 0.115077 0.488756 0.086182 0.477141 0.078858 0.450214 0.081348 0.390131 0.083332 0.378819
0 0.237720 0.399474 0.279660 0.462321 0.258906 0.550137 0.235963 0.563147 0.187494 0.558125 0.159679 0.497784 0.167459 0.422346
0 0.238684 0.578008 0.192939 0.546808 0.174523 0.574797 0.155759 0.607608 0.187989 0.685325 0.251819 0.638839 0.253499 0.612030
0 0.323956 0.460565 0.362942 0.524860 0.345798 0.619496 0.294406 0.592953 0.263966 0.551269
0 0.450475 0.611601 0.434611 0.667384 0.392412 0.655652 0.385128 0.613912 0.426654 0.565056
0 0.507401 0.678519 0.526512 0.687633 0.526707 0.728746 0.510611 0.753516 0.497997 0.760634 0.472772 0.734173 0.470561 0.703534 0.475832 0.690678
0 0.631001 0.584711 0.613321 0.647261 0.582062 0.659690 0.566224 0.629088 0.568936 0.612367 0.582910 0.569034 0.599430 0.566775
0 0.677064 0.584924 0.709236 0.631599 0.718044 0.651635 0.717254 0.659763 0.683059 0.714282 0.629324 0.652783
0 0.976768 0.428015 0.979638 0.438281 0.960106 0.438671 0.964559 0.408352
0 0.767351 0.635695 0.760780 0.639117 0.758523 0.636839 0.757559 0.633909 0.758643 0.631268 0.760388 0.630810
