1 0.135494 0.290260 0.133374 0.322310 0.127160 0.352175 0.117275 0.377822 0.104392 0.397501 0.089389 0.409871 0.073290 0.414091 0.057190 0.409871 0.042188 0.397501 0.029305 0.377822 0.019420 0.352175 0.013206 0.322310 0.011086 0.290260 0.013206 0.258210 0.019420 0.228345 0.029305 0.202698 0.042188 0.183019 0.057190 0.170649 0.073290 0.166429 0.089389 0.170649 0.104392 0.183019 0.117275 0.202698 0.127160 0.228345 0.133374 0.258210
1 0.150924 0.550006 0.149093 0.581303 0.143724 0.610467 0.135184 0.635511 0.124054 0.654728 0.111092 0.666808 0.097183 0.670928 0.083274 0.666808 0.070313 0.654728 0.059183 0.635511 0.050642 0.610467 0.045274 0.581303 0.043442 0.550006 0.045274 0.518709 0.050642 0.489545 0.059183 0.464502 0.070313 0.445285 0.083274 0.433205 0.097183 0.429084 0.111092 0.433205 0.124054 0.445285 0.135184 0.464502 0.143724 0.489545 0.149093 0.518709
1 0.161271 0.784134 0.159527 0.812417 0.154413 0.838772 0.146278 0.861404 0.135677 0.878770 0.123331 0.889686 0.110082 0.893410 0.096834 0.889686 0.084488 0.878770 0.073886 0.861404 0.065751 0.838772 0.060638 0.812417 0.058893 0.784134 0.060638 0.755851 0.065751 0.729496 0.073886 0.706864 0.084488 0.689498 0.096834 0.678582 0.110082 0.674858 0.123331 0.678582 0.135677 0.689498 0.146278 0.706864 0.154413 0.729496 0.159527 0.755851
1 0.282295 0.787745 0.280306 0.820476 0.274475 0.850977 0.265199 0.877168 0.253111 0.897265 0.239034 0.909899 0.223927 0.914208 0.208821 0.909899 0.194744 0.897265 0.182656 0.877168 0.173380 0.850977 0.167549 0.820476 0.165560 0.787745 0.167549 0.755014 0.173380 0.724514 0.182656 0.698322 0.194744 0.678225 0.208821 0.665591 0.223927 0.661282 0.239034 0.665591 0.253111 0.678225 0.265199 0.698322 0.274475 0.724514 0.280306 0.755014
1 0.271655 0.522427 0.269750 0.550614 0.264164 0.576880 0.255280 0.599436 0.243701 0.616743 0.230217 0.627623 0.215747 0.631334 0.201277 0.627623 0.187793 0.616743 0.176214 0.599436 0.167329 0.576880 0.161744 0.550614 0.159839 0.522427 0.161744 0.494239 0.167329 0.467973 0.176214 0.445417 0.187793 0.428110 0.201277 0.417230 0.215747 0.413519 0.230217 0.417230 0.243701 0.428110 0.255280 0.445417 0.264164 0.467973 0.269750 0.494239
1 0.268692 0.248049 0.266605 0.281790 0.260486 0.313231 0.250752 0.340231 0.238067 0.360948 0.223295 0.373971 0.207443 0.378414 0.191591 0.373971 0.176819 0.360948 0.164134 0.340231 0.154401 0.313231 0.148282 0.281790 0.146195 0.248049 0.148282 0.214309 0.154401 0.182867 0.164134 0.155868 0.176819 0.135151 0.191591 0.122127 0.207443 0.117685 0.223295 0.122127 0.238067 0.135151 0.250752 0.155868 0.260486 0.182867 0.266605 0.214309
1 0.389104 0.130343 0.386911 0.158536 0.380484 0.184808 0.370259 0.207367 0.356934 0.224678 0.341416 0.235560 0.324764 0.239272 0.308111 0.235560 0.292594 0.224678 0.279269 0.207367 0.269044 0.184808 0.262616 0.158536 0.260424 0.130343 0.262616 0.102150 0.269044 0.075879 0.279269 0.053319 0.292594 0.036008 0.308111 0.025126 0.324764 0.021415 0.341416 0.025126 0.356934 0.036008 0.370259 0.053319 0.380484 0.075879 0.386911 0.102150
1 0.390890 0.390137 0.388403 0.427493 0.381111 0.462304 0.369510 0.492196 0.354392 0.515134 0.336786 0.529553 0.317893 0.534471 0.299000 0.529553 0.281395 0.515134 0.266276 0.492196 0.254676 0.462304 0.247383 0.427493 0.244896 0.390137 0.247383 0.352780 0.254676 0.317969 0.266276 0.288077 0.281395 0.265140 0.299000 0.250720 0.317893 0.245802 0.336786 0.250720 0.354392 0.265140 0.369510 0.288077 0.381111 0.317969 0.388403 0.352780
1 0.414147 0.719156 0.411904 0.760715 0.405329 0.799442 0.394868 0.832697 0.381236 0.858215 0.365360 0.874256 0.348324 0.879727 0.331287 0.874256 0.315412 0.858215 0.301780 0.832697 0.291319 0.799442 0.284743 0.760715 0.282500 0.719156 0.284743 0.677597 0.291319 0.638871 0.301780 0.605615 0.315412 0.580098 0.331287 0.564057 0.348324 0.558585 0.365360 0.564057 0.381236 0.580098 0.394868 0.605615 0.405329 0.638871 0.411904 0.677597
1 0.539006 0.522471 0.536628 0.554865 0.529656 0.585052 0.518564 0.610974 0.504110 0.630865 0.487277 0.643369 0.469213 0.647633 0.451149 0.643369 0.434317 0.630865 0.419862 0.610974 0.408771 0.585052 0.401798 0.554865 0.399420 0.522471 0.401798 0.490076 0.408771 0.459890 0.419862 0.433968 0.434317 0.414077 0.451149 0.401573 0.469213 0.397308 0.487277 0.401573 0.504110 0.414077 0.518564 0.433968 0.529656 0.459890 0.536628 0.490076
1 0.588806 0.793004 0.586491 0.825230 0.579705 0.855260 0.568911 0.881048 0.554844 0.900835 0.538462 0.913274 0.520882 0.917516 0.503302 0.913274 0.486920 0.900835 0.472852 0.881048 0.462058 0.855260 0.455272 0.825230 0.452958 0.793004 0.455272 0.760778 0.462058 0.730748 0.472852 0.704961 0.486920 0.685173 0.503302 0.672734 0.520882 0.668492 0.538462 0.672734 0.554844 0.685173 0.568911 0.704961 0.579705 0.730748 0.586491 0.760778
1 0.634000 0.298135 0.631675 0.330033 0.624859 0.359757 0.614017 0.385281 0.599886 0.404867 0.583431 0.417179 0.565773 0.421378 0.548114 0.417179 0.531659 0.404867 0.517529 0.385281 0.506686 0.359757 0.499871 0.330033 0.497546 0.298135 0.499871 0.266238 0.506686 0.236514 0.517529 0.210989 0.531659 0.191404 0.548114 0.179091 0.565773 0.174892 0.583431 0.179091 0.599886 0.191404 0.614017 0.210989 0.624859 0.236514 0.631675 0.266238
1 0.799072 0.293641 0.796812 0.328741 0.790188 0.361449 0.779651 0.389536 0.765918 0.411087 0.749926 0.424635 0.732765 0.429256 0.715603 0.424635 0.699611 0.411087 0.685879 0.389536 0.675342 0.361449 0.668717 0.328741 0.666458 0.293641 0.668717 0.258541 0.675342 0.225834 0.685879 0.197747 0.699611 0.176195 0.715603 0.162647 0.732765 0.158026 0.749926 0.162647 0.765918 0.176195 0.779651 0.197747 0.790188 0.225834 0.796812 0.258541
1 0.837101 0.582701 0.834518 0.623587 0.826944 0.661686 0.814896 0.694403 0.799195 0.719507 0.780911 0.735288 0.761290 0.740671 0.741668 0.735288 0.723384 0.719507 0.707683 0.694403 0.695635 0.661686 0.688062 0.623587 0.685478 0.582701 0.688062 0.541815 0.695635 0.503716 0.707683 0.470999 0.723384 0.445895 0.741668 0.430114 0.761290 0.424731 0.780911 0.430114 0.799195 0.445895 0.814896 0.470999 0.826944 0.503716 0.834518 0.541815
1 0.963870 0.397090 0.961283 0.436216 0.953697 0.472675 0.941629 0.503984 0.925903 0.528007 0.907589 0.543109 0.887935 0.548260 0.868282 0.543109 0.849968 0.528007 0.834242 0.503984 0.822174 0.472675 0.814588 0.436216 0.812001 0.397090 0.814588 0.357964 0.822174 0.321505 0.834242 0.290196 0.849968 0.266173 0.868282 0.251071 0.887935 0.245920 0.907589 0.251071 0.925903 0.266173 0.941629 0.290196 0.953697 0.321505 0.961283 0.357964
1 0.988313 0.833381 0.986021 0.865439 0.979302 0.895312 0.968614 0.920965 0.954684 0.940649 0.938464 0.953023 0.921056 0.957243 0.903649 0.953023 0.887428 0.940649 0.873499 0.920965 0.862811 0.895312 0.856092 0.865439 0.853800 0.833381 0.856092 0.801323 0.862811 0.771450 0.873499 0.745798 0.887428 0.726114 0.903649 0.713740 0.921056 0.709519 0.938464 0.713740 0.954684 0.726114 0.968614 0.745798 0.979302 0.771450 0.986021 0.801323
0 0.078812 0.200715 0.034968 0.225578 0.024653 0.284998 0.051749 0.355228 0.091737 0.373929 0.113750 0.266882
0 0.095816 0.529355 0.114890 0.514012 0.121312 0.533800 0.127131 0.568617 0.125896 0.575236 0.107307 0.594643 0.087163 0.558752 0.086360 0.547476
0 0.092541 0.748382 0.081926 0.791257 0.087829 0.831773 0.126014 0.853560 0.132704 0.845392 0.140606 0.815572 0.144451 0.765644 0.142682 0.759137
0 0.130443 0.735474 0.131379 0.850304 0.168366 0.992130 0.270098 0.995517 0.326787 0.887062 0.258102 0.651917 0.235374 0.619705
0 0.264813 0.577353 0.194845 0.623899 0.153527 0.525860 0.175751 0.403322 0.213936 0.404435 0.220077 0.408152 0.252783 0.470801 0.270033 0.536729 0.268081 0.563967
0 0.194268 0.155701 0.227829 0.162426 0.248696 0.198051 0.252084 0.206341 0.258450 0.284996 0.256190 0.292695 0.231955 0.351750 0.215005 0.352204 0.178614 0.315839 0.171786 0.289782 0.173658 0.205085
0 0.291138 0.039018 0.257984 0.066336 0.247310 0.159860 0.265737 0.218513 0.286980 0.245245 0.341928 0.235933 0.359742 0.170813 0.352141 0.087699 0.325886 0.038975
0 0.305720 0.236027 0.257947 0.334951 0.250548 0.362458 0.257075 0.504545 0.330805 0.535103 0.338784 0.532199 0.360334 0.511769 0.374029 0.480558 0.378016 0.448407 0.384130 0.366422 0.370512 0.303745 0.345511 0.269587 0.334498 0.257660
0 0.342395 0.645831 0.331422 0.692524 0.342941 0.740208 0.360931 0.784863 0.378252 0.783623 0.390313 0.768337 0.393449 0.739614 0.393035 0.695193 0.371770 0.637224
0 0.554753 0.711274 0.518754 0.677500 0.496413 0.707219 0.470448 0.756519 0.487175 0.842642 0.499635 0.857354 0.536409 0.865879
0 0.452297 0.401130 0.413674 0.478649 0.416098 0.552262 0.436213 0.584715 0.494478 0.600081 0.518511 0.546563 0.530679 0.497679 0.469004 0.406684
0 0.603397 0.197175 0.577495 0.173990 0.539315 0.207861 0.524946 0.242274 0.515380 0.290221 0.521924 0.336913 0.557966 0.404711 0.581492 0.402381 0.628789 0.305058 0.622674 0.231428
0 0.814470 0.490138 0.783609 0.441165 0.769434 0.433144 0.754204 0.438270 0.713309 0.473811 0.703130 0.494254 0.697300 0.510951 0.694573 0.559764 0.693629 0.627126 0.717199 0.688105 0.719806 0.692242 0.770255 0.701969 0.815770 0.670063 0.827821 0.629126 0.830442 0.572768 0.828161 0.550057
0 0.829617 0.260625 0.781042 0.169160 0.755931 0.144617 0.709228 0.149888 0.657710 0.279583 0.663747 0.376176 0.669791 0.413879 0.705742 0.452468 0.794375 0.435743 0.829758 0.307186
0 0.916021 0.307162 0.862802 0.299600 0.830985 0.415581 0.828965 0.452318 0.855804 0.506223 0.914901 0.466599 0.927704 0.330786
0 0.869068 0.779223 0.869701 0.911836 0.908124 0.947835 0.951081 0.947519 0.980175 0.865357 0.970626 0.803888 0.953136 0.755147 0.934589 0.749024 0.894748 0.757538
