1 0.096556 0.249539 0.095031 0.268324 0.090560 0.285829 0.083449 0.300861 0.074181 0.312396 0.063389 0.319647 0.051807 0.322120 0.040225 0.319647 0.029433 0.312396 0.020165 0.300861 0.013053 0.285829 0.008583 0.268324 0.007058 0.249539 0.008583 0.230754 0.013053 0.213249 0.020165 0.198217 0.029433 0.186682 0.040225 0.179432 0.051807 0.176959 0.063389 0.179432 0.074181 0.186682 0.083449 0.198217 0.090560 0.213249 0.095031 0.230754
1 0.142292 0.088249 0.140893 0.107750 0.136789 0.125922 0.130261 0.141526 0.121753 0.153500 0.111846 0.161027 0.101214 0.163594 0.090582 0.161027 0.080675 0.153500 0.072167 0.141526 0.065639 0.125922 0.061535 0.107750 0.060136 0.088249 0.061535 0.068748 0.065639 0.050576 0.072167 0.034971 0.080675 0.022998 0.090582 0.015471 0.101214 0.012903 0.111846 0.015471 0.121753 0.022998 0.130261 0.034971 0.136789 0.050576 0.140893 0.068748
1 0.123659 0.443088 0.122202 0.461754 0.117929 0.479147 0.111131 0.494084 0.102273 0.505545 0.091957 0.512750 0.080887 0.515207 0.069816 0.512750 0.059500 0.505545 0.050642 0.494084 0.043844 0.479147 0.039571 0.461754 0.038114 0.443088 0.039571 0.424422 0.043844 0.407028 0.050642 0.392091 0.059500 0.380630 0.069816 0.373425 0.080887 0.370968 0.091957 0.373425 0.102273 0.380630 0.111131 0.392091 0.117929 0.407028 0.122202 0.424422
1 0.120271 0.716359 0.118910 0.733952 0.114919 0.750346 0.108570 0.764423 0.100296 0.775225 0.090661 0.782016 0.080322 0.784332 0.069982 0.782016 0.060347 0.775225 0.052074 0.764423 0.045725 0.750346 0.041734 0.733952 0.040373 0.716359 0.041734 0.698767 0.045725 0.682373 0.052074 0.668296 0.060347 0.657494 0.069982 0.650703 0.080322 0.648387 0.090661 0.650703 0.100296 0.657494 0.108570 0.668296 0.114919 0.682373 0.118910 0.698767
1 0.130717 0.887788 0.129433 0.904903 0.125668 0.920853 0.119678 0.934548 0.111872 0.945057 0.102782 0.951664 0.093027 0.953917 0.083272 0.951664 0.074181 0.945057 0.066375 0.934548 0.060386 0.920853 0.056620 0.904903 0.055336 0.887788 0.056620 0.870673 0.060386 0.854724 0.066375 0.841028 0.074181 0.830519 0.083272 0.823912 0.093027 0.821659 0.102782 0.823912 0.111872 0.830519 0.119678 0.841028 0.125668 0.854724 0.129433 0.870673
1 0.226426 0.897005 0.225132 0.913882 0.221338 0.929608 0.215304 0.943113 0.207439 0.953476 0.198281 0.959990 0.188453 0.962212 0.178625 0.959990 0.169466 0.953476 0.161602 0.943113 0.155567 0.929608 0.151774 0.913882 0.150480 0.897005 0.151774 0.880128 0.155567 0.864401 0.161602 0.850896 0.169466 0.840533 0.178625 0.834019 0.188453 0.831797 0.198281 0.834019 0.207439 0.840533 0.215304 0.850896 0.221338 0.864401 0.225132 0.880128
1 0.211180 0.714055 0.209790 0.732125 0.205714 0.748963 0.199231 0.763422 0.190782 0.774517 0.180943 0.781492 0.170384 0.783871 0.159825 0.781492 0.149986 0.774517 0.141537 0.763422 0.135053 0.748963 0.130978 0.732125 0.129588 0.714055 0.130978 0.695986 0.135053 0.679147 0.141537 0.664688 0.149986 0.653593 0.159825 0.646619 0.170384 0.644240 0.180943 0.646619 0.190782 0.653593 0.199231 0.664688 0.205714 0.679147 0.209790 0.695986
1 0.210051 0.567051 0.208709 0.585359 0.204774 0.602419 0.198515 0.617070 0.190359 0.628311 0.180860 0.635378 0.170666 0.637788 0.160473 0.635378 0.150974 0.628311 0.142817 0.617070 0.136558 0.602419 0.132624 0.585359 0.131282 0.567051 0.132624 0.548743 0.136558 0.531682 0.142817 0.517032 0.150974 0.505790 0.160473 0.498724 0.170666 0.496313 0.180860 0.498724 0.190359 0.505790 0.198515 0.517032 0.204774 0.531682 0.208709 0.548743
1 0.231508 0.416359 0.230089 0.434071 0.225928 0.450576 0.219311 0.464749 0.210686 0.475624 0.200643 0.482461 0.189864 0.484793 0.179086 0.482461 0.169043 0.475624 0.160418 0.464749 0.153800 0.450576 0.149640 0.434071 0.148221 0.416359 0.149640 0.398648 0.153800 0.382143 0.160418 0.367970 0.169043 0.357095 0.179086 0.350258 0.189864 0.347926 0.200643 0.350258 0.210686 0.357095 0.219311 0.367970 0.225928 0.382143 0.230089 0.398648
1 0.212874 0.277189 0.211503 0.296451 0.207484 0.314401 0.201091 0.329815 0.192758 0.341642 0.183055 0.349077 0.172643 0.351613 0.162230 0.349077 0.152527 0.341642 0.144195 0.329815 0.137801 0.314401 0.133782 0.296451 0.132411 0.277189 0.133782 0.257927 0.137801 0.239977 0.144195 0.224563 0.152527 0.212736 0.162230 0.205301 0.172643 0.202765 0.183055 0.205301 0.192758 0.212736 0.201091 0.224563 0.207484 0.239977 0.211503 0.257927
1 0.234331 0.117742 0.232960 0.137601 0.228941 0.156106 0.222547 0.171997 0.214215 0.184190 0.204512 0.191856 0.194099 0.194470 0.183687 0.191856 0.173984 0.184190 0.165651 0.171997 0.159258 0.156106 0.155239 0.137601 0.153868 0.117742 0.155239 0.097883 0.159258 0.079378 0.165651 0.063487 0.173984 0.051293 0.183687 0.043628 0.194099 0.041014 0.204512 0.043628 0.214215 0.051293 0.222547 0.063487 0.228941 0.079378 0.232960 0.097883
1 0.344720 0.208525 0.343148 0.227549 0.338536 0.245276 0.331200 0.260499 0.321640 0.272180 0.310507 0.279523 0.298560 0.282028 0.286613 0.279523 0.275480 0.272180 0.265920 0.260499 0.258584 0.245276 0.253973 0.227549 0.252400 0.208525 0.253973 0.189502 0.258584 0.171774 0.265920 0.156551 0.275480 0.144870 0.286613 0.137528 0.298560 0.135023 0.310507 0.137528 0.321640 0.144870 0.331200 0.156551 0.338536 0.171774 0.343148 0.189502
1 0.341897 0.388249 0.340459 0.406199 0.336242 0.422926 0.329535 0.437290 0.320793 0.448312 0.310614 0.455240 0.299689 0.457604 0.288765 0.455240 0.278586 0.448312 0.269844 0.437290 0.263136 0.422926 0.258920 0.406199 0.257482 0.388249 0.258920 0.370298 0.263136 0.353571 0.269844 0.339208 0.278586 0.328186 0.288765 0.321257 0.299689 0.318894 0.310614 0.321257 0.320793 0.328186 0.329535 0.339208 0.336242 0.353571 0.340459 0.370298
1 0.311124 0.530184 0.309695 0.548015 0.305507 0.564631 0.298844 0.578900 0.290161 0.589848 0.280049 0.596731 0.269198 0.599078 0.258347 0.596731 0.248235 0.589848 0.239552 0.578900 0.232890 0.564631 0.228701 0.548015 0.227273 0.530184 0.228701 0.512353 0.232890 0.495737 0.239552 0.481469 0.248235 0.470520 0.258347 0.463638 0.269198 0.461290 0.280049 0.463638 0.290161 0.470520 0.298844 0.481469 0.305507 0.495737 0.309695 0.512353
1 0.306042 0.707604 0.304700 0.724719 0.300765 0.740668 0.294506 0.754364 0.286350 0.764873 0.276851 0.771479 0.266657 0.773733 0.256464 0.771479 0.246965 0.764873 0.238808 0.754364 0.232549 0.740668 0.228615 0.724719 0.227273 0.707604 0.228615 0.690488 0.232549 0.674539 0.238808 0.660843 0.246965 0.650334 0.256464 0.643728 0.266657 0.641475 0.276851 0.643728 0.286350 0.650334 0.294506 0.660843 0.300765 0.674539 0.304700 0.690488
1 0.322981 0.886406 0.321534 0.903760 0.317289 0.919931 0.310536 0.933818 0.301736 0.944473 0.291489 0.951172 0.280491 0.953456 0.269494 0.951172 0.259246 0.944473 0.250446 0.933818 0.243694 0.919931 0.239449 0.903760 0.238001 0.886406 0.239449 0.869052 0.243694 0.852880 0.250446 0.838994 0.259246 0.828338 0.269494 0.821640 0.280491 0.819355 0.291489 0.821640 0.301736 0.828338 0.310536 0.838994 0.317289 0.852880 0.321534 0.869052
1 0.428571 0.270737 0.427056 0.289761 0.422614 0.307488 0.415548 0.322711 0.406338 0.334392 0.395614 0.341735 0.384105 0.344240 0.372596 0.341735 0.361872 0.334392 0.352663 0.322711 0.345596 0.307488 0.341154 0.289761 0.339639 0.270737 0.341154 0.251714 0.345596 0.233986 0.352663 0.218763 0.361872 0.207082 0.372596 0.199740 0.384105 0.197235 0.395614 0.199740 0.406338 0.207082 0.415548 0.218763 0.422614 0.233986 0.427056 0.251714
1 0.435347 0.435714 0.433938 0.453784 0.429806 0.470622 0.423233 0.485081 0.414667 0.496176 0.404691 0.503151 0.393986 0.505530 0.383281 0.503151 0.373306 0.496176 0.364740 0.485081 0.358167 0.470622 0.354035 0.453784 0.352626 0.435714 0.354035 0.417645 0.358167 0.400806 0.364740 0.386347 0.373306 0.375252 0.383281 0.368278 0.393986 0.365899 0.404691 0.368278 0.414667 0.375252 0.423233 0.386347 0.429806 0.400806 0.433938 0.417645
1 0.420384 0.600230 0.418907 0.618419 0.414578 0.635369 0.407691 0.649923 0.398715 0.661092 0.388263 0.668112 0.377047 0.670507 0.365830 0.668112 0.355378 0.661092 0.346403 0.649923 0.339516 0.635369 0.335186 0.618419 0.333710 0.600230 0.335186 0.582042 0.339516 0.565092 0.346403 0.550537 0.355378 0.539369 0.365830 0.532349 0.377047 0.529954 0.388263 0.532349 0.398715 0.539369 0.407691 0.550537 0.414578 0.565092 0.418907 0.582042
1 0.402597 0.747235 0.401178 0.765066 0.397018 0.781682 0.390400 0.795950 0.381776 0.806899 0.371732 0.813782 0.360954 0.816129 0.350176 0.813782 0.340133 0.806899 0.331508 0.795950 0.324890 0.781682 0.320730 0.765066 0.319311 0.747235 0.320730 0.729404 0.324890 0.712788 0.331508 0.698520 0.340133 0.687571 0.350176 0.680689 0.360954 0.678341 0.371732 0.680689 0.381776 0.687571 0.390400 0.698520 0.397018 0.712788 0.401178 0.729404
1 0.409938 0.900230 0.408529 0.918061 0.404397 0.934677 0.397824 0.948946 0.389257 0.959894 0.379282 0.966777 0.368577 0.969124 0.357872 0.966777 0.347897 0.959894 0.339331 0.948946 0.332758 0.934677 0.328626 0.918061 0.327216 0.900230 0.328626 0.882399 0.332758 0.865783 0.339331 0.851515 0.347897 0.840566 0.357872 0.833684 0.368577 0.831336 0.379282 0.833684 0.389257 0.840566 0.397824 0.851515 0.404397 0.865783 0.408529 0.882399
1 0.494353 0.760138 0.492906 0.777612 0.488661 0.793894 0.481908 0.807876 0.473108 0.818605 0.462861 0.825349 0.451863 0.827650 0.440866 0.825349 0.430618 0.818605 0.421818 0.807876 0.415066 0.793894 0.410821 0.777612 0.409373 0.760138 0.410821 0.742665 0.415066 0.726382 0.421818 0.712400 0.430618 0.701672 0.440866 0.694927 0.451863 0.692627 0.462861 0.694927 0.473108 0.701672 0.481908 0.712400 0.488661 0.726382 0.492906 0.742665
1 0.512987 0.547235 0.511501 0.566140 0.507143 0.583756 0.500211 0.598883 0.491177 0.610491 0.480657 0.617788 0.469368 0.620276 0.458078 0.617788 0.447558 0.610491 0.438524 0.598883 0.431592 0.583756 0.427234 0.566140 0.425748 0.547235 0.427234 0.528330 0.431592 0.510714 0.438524 0.495587 0.447558 0.483979 0.458078 0.476682 0.469368 0.474194 0.480657 0.476682 0.491177 0.483979 0.500211 0.495587 0.507143 0.510714 0.511501 0.528330
1 0.513552 0.347696 0.512094 0.366123 0.507821 0.383295 0.501024 0.398041 0.492165 0.409355 0.481850 0.416468 0.470779 0.418894 0.459709 0.416468 0.449393 0.409355 0.440535 0.398041 0.433737 0.383295 0.429464 0.366123 0.428007 0.347696 0.429464 0.329268 0.433737 0.312097 0.440535 0.297351 0.449393 0.286036 0.459709 0.278924 0.470779 0.276498 0.481850 0.278924 0.492165 0.286036 0.501024 0.297351 0.507821 0.312097 0.512094 0.329268
1 0.601637 0.431106 0.600190 0.448818 0.595945 0.465323 0.589192 0.479496 0.580392 0.490371 0.570145 0.497207 0.559147 0.499539 0.548150 0.497207 0.537902 0.490371 0.529102 0.479496 0.522350 0.465323 0.518105 0.448818 0.516657 0.431106 0.518105 0.413394 0.522350 0.396889 0.529102 0.382716 0.537902 0.371841 0.548150 0.365005 0.559147 0.362673 0.570145 0.365005 0.580392 0.371841 0.589192 0.382716 0.595945 0.396889 0.600190 0.413394
1 0.601355 0.590553 0.599859 0.609338 0.595473 0.626843 0.588497 0.641875 0.579404 0.653410 0.568816 0.660661 0.557453 0.663134 0.546091 0.660661 0.535503 0.653410 0.526410 0.641875 0.519433 0.626843 0.515048 0.609338 0.513552 0.590553 0.515048 0.571768 0.519433 0.554263 0.526410 0.539231 0.535503 0.527696 0.546091 0.520445 0.557453 0.517972 0.568816 0.520445 0.579404 0.527696 0.588497 0.539231 0.595473 0.554263 0.599859 0.571768
1 0.599661 0.765207 0.598156 0.783516 0.593742 0.800576 0.586720 0.815226 0.577569 0.826468 0.566913 0.833534 0.555477 0.835945 0.544041 0.833534 0.533385 0.826468 0.524234 0.815226 0.517213 0.800576 0.512799 0.783516 0.511293 0.765207 0.512799 0.746899 0.517213 0.729839 0.524234 0.715189 0.533385 0.703947 0.544041 0.696880 0.555477 0.694470 0.566913 0.696880 0.577569 0.703947 0.586720 0.715189 0.593742 0.729839 0.598156 0.746899
1 0.599944 0.921889 0.598428 0.940078 0.593986 0.957028 0.586920 0.971582 0.577710 0.982751 0.566986 0.989771 0.555477 0.992166 0.543968 0.989771 0.533244 0.982751 0.524035 0.971582 0.516968 0.957028 0.512526 0.940078 0.511011 0.921889 0.512526 0.903701 0.516968 0.886751 0.524035 0.872196 0.533244 0.861028 0.543968 0.854008 0.555477 0.851613 0.566986 0.854008 0.577710 0.861028 0.586920 0.872196 0.593986 0.886751 0.598428 0.903701
1 0.690853 0.514055 0.689347 0.533079 0.684933 0.550806 0.677911 0.566029 0.668761 0.577710 0.658104 0.585053 0.646669 0.587558 0.635233 0.585053 0.624577 0.577710 0.615426 0.566029 0.608404 0.550806 0.603990 0.533079 0.602484 0.514055 0.603990 0.495032 0.608404 0.477304 0.615426 0.462081 0.624577 0.450400 0.635233 0.443058 0.646669 0.440553 0.658104 0.443058 0.668761 0.450400 0.677911 0.462081 0.684933 0.477304 0.689347 0.495032
1 0.785150 0.601152 0.783509 0.619937 0.778701 0.637442 0.771051 0.652474 0.761081 0.664009 0.749472 0.671260 0.737013 0.673733 0.724554 0.671260 0.712945 0.664009 0.702975 0.652474 0.695325 0.637442 0.690517 0.619937 0.688876 0.601152 0.690517 0.582367 0.695325 0.564862 0.702975 0.549830 0.712945 0.538295 0.724554 0.531045 0.737013 0.528571 0.749472 0.531045 0.761081 0.538295 0.771051 0.549830 0.778701 0.564862 0.783509 0.582367
1 0.701863 0.726959 0.700319 0.745505 0.695793 0.762788 0.688591 0.777629 0.679207 0.789017 0.668278 0.796176 0.656550 0.798618 0.644822 0.796176 0.633893 0.789017 0.624509 0.777629 0.617307 0.762788 0.612781 0.745505 0.611237 0.726959 0.612781 0.708412 0.617307 0.691129 0.624509 0.676288 0.633893 0.664900 0.644822 0.657741 0.656550 0.655300 0.668278 0.657741 0.679207 0.664900 0.688591 0.676288 0.695793 0.691129 0.700319 0.708412
1 0.689441 0.890553 0.687945 0.908503 0.683559 0.925230 0.676582 0.939594 0.667490 0.950616 0.656902 0.957545 0.645539 0.959908 0.634177 0.957545 0.623588 0.950616 0.614496 0.939594 0.607519 0.925230 0.603133 0.908503 0.601637 0.890553 0.603133 0.872603 0.607519 0.855876 0.614496 0.841512 0.623588 0.830490 0.634177 0.823561 0.645539 0.821198 0.656902 0.823561 0.667490 0.830490 0.676582 0.841512 0.683559 0.855876 0.687945 0.872603
1 0.795596 0.753687 0.794013 0.772710 0.789374 0.790438 0.781993 0.805661 0.772374 0.817341 0.761173 0.824684 0.749153 0.827189 0.737133 0.824684 0.725932 0.817341 0.716313 0.805661 0.708932 0.790438 0.704293 0.772710 0.702710 0.753687 0.704293 0.734663 0.708932 0.716935 0.716313 0.701713 0.725932 0.690032 0.737133 0.682689 0.749153 0.680184 0.761173 0.682689 0.772374 0.690032 0.781993 0.701713 0.789374 0.716935 0.794013 0.734663
1 0.789949 0.900691 0.788424 0.918999 0.783954 0.936060 0.776843 0.950710 0.767575 0.961952 0.756782 0.969018 0.745200 0.971429 0.733619 0.969018 0.722826 0.961952 0.713558 0.950710 0.706447 0.936060 0.701976 0.918999 0.700452 0.900691 0.701976 0.882383 0.706447 0.865323 0.713558 0.850672 0.722826 0.839431 0.733619 0.832364 0.745200 0.829954 0.756782 0.832364 0.767575 0.839431 0.776843 0.850672 0.783954 0.865323 0.788424 0.882383
1 0.892716 0.731567 0.891153 0.749994 0.886569 0.767166 0.879279 0.781912 0.869777 0.793226 0.858712 0.800339 0.846838 0.802765 0.834964 0.800339 0.823899 0.793226 0.814397 0.781912 0.807106 0.767166 0.802523 0.749994 0.800960 0.731567 0.802523 0.713139 0.807106 0.695968 0.814397 0.681222 0.823899 0.669907 0.834964 0.662795 0.846838 0.660369 0.858712 0.662795 0.869777 0.669907 0.879279 0.681222 0.886569 0.695968 0.891153 0.713139
1 0.880011 0.886866 0.878438 0.905652 0.873827 0.923157 0.866491 0.938189 0.856931 0.949723 0.845798 0.956974 0.833851 0.959447 0.821904 0.956974 0.810771 0.949723 0.801211 0.938189 0.793875 0.923157 0.789263 0.905652 0.787691 0.886866 0.789263 0.868081 0.793875 0.850576 0.801211 0.835544 0.810771 0.824010 0.821904 0.816759 0.833851 0.814286 0.845798 0.816759 0.856931 0.824010 0.866491 0.835544 0.873827 0.850576 0.878438 0.868081
1 0.989836 0.889171 0.988235 0.907956 0.983538 0.925461 0.976068 0.940493 0.966333 0.952027 0.954995 0.959278 0.942829 0.961751 0.930663 0.959278 0.919325 0.952027 0.909590 0.940493 0.902119 0.925461 0.897423 0.907956 0.895822 0.889171 0.897423 0.870385 0.902119 0.852880 0.909590 0.837848 0.919325 0.826314 0.930663 0.819063 0.942829 0.816590 0.954995 0.819063 0.966333 0.826314 0.976068 0.837848 0.983538 0.852880 0.988235 0.870385
0 0.053614 0.909677 0.073941 0.938525 0.096697 0.947373 0.119622 0.908940 0.102993 0.868894 0.053727 0.863410
0 0.133710 0.952765 0.182411 1.000000 0.228628 0.969954 0.242885 0.905207 0.170412 0.806452 0.140768 0.857143 0.132919 0.893364
0 0.241671 0.811613 0.247120 0.909908 0.276398 0.952995 0.318267 0.927558 0.332976 0.864516 0.297120 0.794608
0 0.342744 0.905346 0.360333 0.930323 0.400395 0.918157 0.388114 0.845899 0.371062 0.835899 0.349746 0.849862
0 0.535432 0.923318 0.537211 0.959539 0.564173 1.000000 0.592434 0.944194 0.578458 0.910276 0.551327 0.905899
0 0.620525 0.916774 0.640034 0.985899 0.677244 0.951797 0.687436 0.901843 0.666911 0.834885 0.617561 0.842627
0 0.693450 0.824424 0.699661 0.974378 0.776680 0.992074 0.807312 0.895622 0.764992 0.800138
0 0.775155 0.966083 0.788227 0.804885 0.825607 0.759677 0.881028 0.811382 0.912902 0.939631 0.878402 1.000000
0 1.000000 0.883641 0.998927 0.953041 0.942914 1.000000 0.889977 0.927189 0.931988 0.835806
0 0.833399 0.724240 0.842208 0.699171 0.864201 0.699770 0.877414 0.710092 0.877470 0.741705 0.861829 0.762258 0.841502 0.757650
0 0.792264 0.717972 0.801299 0.754839 0.773066 0.835207 0.741333 0.805253 0.711858 0.710922 0.753981 0.701567
0 0.678487 0.715530 0.672276 0.757143 0.631536 0.752535 0.626398 0.708341 0.666657 0.682258
0 0.705054 0.675300 0.752795 0.698986 0.793281 0.638986 0.795991 0.579171 0.747798 0.545760 0.686081 0.577235
0 0.515330 0.671475 0.575381 0.666175 0.611321 0.713779 0.617561 0.806590 0.546358 0.874654 0.514173 0.816728
0 0.441163 0.774378 0.454800 0.794516 0.477414 0.771982 0.464709 0.723456 0.438509 0.742857
0 0.376765 0.820461 0.386759 0.728986 0.328600 0.683917 0.319960 0.753871 0.336985 0.790507
0 0.230604 0.727327 0.256098 0.717419 0.265217 0.751382 0.281875 0.730369 0.285375 0.702166 0.258780 0.669124
0 0.122840 0.685576 0.141813 0.702581 0.151694 0.690691 0.134529 0.669724 0.180096 0.675760 0.198560 0.716959 0.189977 0.779539 0.129249 0.776544
0 0.093394 0.704424 0.098108 0.726912 0.088368 0.745069 0.065500 0.731521 0.073518 0.704332
0 0.069452 0.534332 0.097544 0.654424 0.220949 0.675853 0.249322 0.560277 0.165104 0.441751
0 0.225607 0.452258 0.223179 0.616866 0.278346 0.643502 0.311350 0.573272 0.300734 0.515115 0.281790 0.486820
0 0.347798 0.568571 0.337634 0.623871 0.362733 0.672028 0.417532 0.641567 0.427668 0.577005 0.373320 0.527373
0 0.443676 0.461014 0.515556 0.512258 0.515302 0.610369 0.465359 0.630000 0.430689 0.526129
0 0.520158 0.649816 0.575805 0.694839 0.611942 0.657650 0.614032 0.578479 0.604461 0.546912 0.575720 0.526820 0.514173 0.520138
0 0.644325 0.557373 0.612281 0.546221 0.605279 0.503502 0.626793 0.469355 0.659656 0.481982 0.659910 0.520507
0 0.544128 0.424332 0.550311 0.465991 0.578063 0.461797 0.575663 0.418065 0.557171 0.398618
0 0.450706 0.439493 0.512281 0.358203 0.497600 0.290691 0.443083 0.290829 0.403670 0.349263
0 0.349181 0.386083 0.431536 0.377005 0.436251 0.502120 0.396302 0.516544 0.339385 0.472304
0 0.307538 0.370553 0.307086 0.393917 0.282101 0.394608 0.281310 0.373779 0.291050 0.363687
0 0.145144 0.408664 0.173659 0.366498 0.208893 0.405115 0.203953 0.455899 0.180265 0.488249 0.153783 0.453594
0 0.078063 0.379217 0.034218 0.410507 0.040344 0.457235 0.071796 0.509032 0.114822 0.465576 0.116290 0.408848
0 0.135206 0.282903 0.160785 0.335069 0.203698 0.315300 0.194833 0.261751 0.164173 0.240184 0.148701 0.241014
0 0.369650 0.213825 0.409853 0.230277 0.427019 0.273364 0.386985 0.341567 0.350169 0.321382 0.337719 0.227926
0 0.326652 0.279401 0.354066 0.219217 0.348786 0.152903 0.275325 0.153180 0.252089 0.245714
0 0.153134 0.068433 0.153077 0.169493 0.186731 0.222581 0.249831 0.184793 0.254771 0.151751 0.216883 0.064516
0 0.088735 0.059171 0.102117 0.050783 0.116318 0.087696 0.107820 0.119677 0.080689 0.084332 0.092236 0.075484
0 0.006973 0.182488 0.000000 0.226728 0.000000 0.265346 0.020864 0.352120 0.095709 0.351382 0.111434 0.226682