1 0.631514 0.054923 0.629985 0.063623 0.625502 0.071730 0.618371 0.078692 0.609078 0.084034 0.598256 0.087392 0.586642 0.088538 0.575028 0.087392 0.564206 0.084034 0.554913 0.078692 0.547782 0.071730 0.543299 0.063623 0.541770 0.054923 0.543299 0.046223 0.547782 0.038115 0.554913 0.031153 0.564206 0.025811 0.575028 0.022453 0.586642 0.021308 0.598256 0.022453 0.609078 0.025811 0.618371 0.031153 0.625502 0.038115 0.629985 0.046223
1 0.569479 0.109295 0.567894 0.116664 0.563246 0.123530 0.555852 0.129427 0.546216 0.133952 0.534995 0.136796 0.522953 0.137766 0.510911 0.136796 0.499690 0.133952 0.490054 0.129427 0.482660 0.123530 0.478012 0.116664 0.476427 0.109295 0.478012 0.101926 0.482660 0.095059 0.490054 0.089162 0.499690 0.084637 0.510911 0.081793 0.522953 0.080823 0.534995 0.081793 0.546216 0.084637 0.555852 0.089162 0.563246 0.095059 0.567894 0.101926
1 0.459471 0.110764 0.458040 0.118704 0.453847 0.126102 0.447176 0.132455 0.438482 0.137330 0.428358 0.140395 0.417494 0.141440 0.406629 0.140395 0.396505 0.137330 0.387812 0.132455 0.381141 0.126102 0.376947 0.118704 0.375517 0.110764 0.376947 0.102825 0.381141 0.095426 0.387812 0.089073 0.396505 0.084198 0.406629 0.081133 0.417494 0.080088 0.428358 0.081133 0.438482 0.084198 0.447176 0.089073 0.453847 0.095426 0.458040 0.102825
1 0.356907 0.101580 0.355575 0.109804 0.351671 0.117469 0.345460 0.124050 0.337366 0.129100 0.327940 0.132275 0.317825 0.133358 0.307710 0.132275 0.298284 0.129100 0.290190 0.124050 0.283979 0.117469 0.280074 0.109804 0.278743 0.101580 0.280074 0.093355 0.283979 0.085691 0.290190 0.079109 0.298284 0.074059 0.307710 0.070884 0.317825 0.069802 0.327940 0.070884 0.337366 0.074059 0.345460 0.079109 0.351671 0.085691 0.355575 0.093355
1 0.263027 0.101580 0.261625 0.109424 0.257514 0.116734 0.250975 0.123011 0.242452 0.127828 0.232528 0.130856 0.221878 0.131888 0.211227 0.130856 0.201303 0.127828 0.192780 0.123011 0.186241 0.116734 0.182130 0.109424 0.180728 0.101580 0.182130 0.093735 0.186241 0.086425 0.192780 0.080148 0.201303 0.075332 0.211227 0.072304 0.221878 0.071271 0.232528 0.072304 0.242452 0.075332 0.250975 0.080148 0.257514 0.086425 0.261625 0.093735
1 0.252688 0.169177 0.251216 0.177497 0.246898 0.185250 0.240030 0.191907 0.231079 0.197016 0.220656 0.200227 0.209471 0.201323 0.198285 0.200227 0.187862 0.197016 0.178911 0.191907 0.172043 0.185250 0.167726 0.177497 0.166253 0.169177 0.167726 0.160857 0.172043 0.153104 0.178911 0.146447 0.187862 0.141338 0.198285 0.138127 0.209471 0.137032 0.220656 0.138127 0.231079 0.141338 0.240030 0.146447 0.246898 0.153104 0.251216 0.160857
1 0.396195 0.167708 0.394539 0.176123 0.389685 0.183964 0.381962 0.190698 0.371898 0.195865 0.360178 0.199113 0.347601 0.200220 0.335024 0.199113 0.323304 0.195865 0.313240 0.190698 0.305518 0.183964 0.300663 0.176123 0.299007 0.167708 0.300663 0.159293 0.305518 0.151451 0.313240 0.144718 0.323304 0.139551 0.335024 0.136303 0.347601 0.135195 0.360178 0.136303 0.371898 0.139551 0.381962 0.144718 0.389685 0.151451 0.394539 0.159293
1 0.507444 0.163299 0.505972 0.170858 0.501654 0.177902 0.494786 0.183951 0.485835 0.188593 0.475412 0.191510 0.464227 0.192506 0.453041 0.191510 0.442618 0.188593 0.433667 0.183951 0.426799 0.177902 0.422482 0.170858 0.421009 0.163299 0.422482 0.155740 0.426799 0.148696 0.433667 0.142647 0.442618 0.138005 0.453041 0.135088 0.464227 0.134093 0.475412 0.135088 0.485835 0.138005 0.494786 0.142647 0.501654 0.148696 0.505972 0.155740
1 0.619520 0.172116 0.617907 0.179485 0.613176 0.186352 0.605651 0.192249 0.595844 0.196773 0.584423 0.199618 0.572167 0.200588 0.559911 0.199618 0.548490 0.196773 0.538683 0.192249 0.531158 0.186352 0.526427 0.179485 0.524814 0.172116 0.526427 0.164747 0.531158 0.157880 0.538683 0.151984 0.548490 0.147459 0.559911 0.144615 0.572167 0.143644 0.584423 0.144615 0.595844 0.147459 0.605651 0.151984 0.613176 0.157880 0.617907 0.164747
1 0.195616 0.242652 0.193946 0.251638 0.189050 0.260011 0.181262 0.267201 0.171112 0.272718 0.159293 0.276187 0.146609 0.277370 0.133925 0.276187 0.122105 0.272718 0.111955 0.267201 0.104167 0.260011 0.099271 0.251638 0.097601 0.242652 0.099271 0.233667 0.104167 0.225294 0.111955 0.218104 0.122105 0.212587 0.133925 0.209118 0.146609 0.207935 0.159293 0.209118 0.171112 0.212587 0.181262 0.218104 0.189050 0.225294 0.193946 0.233667
1 0.314723 0.233835 0.313222 0.243201 0.308822 0.251929 0.301823 0.259423 0.292701 0.265174 0.282078 0.268789 0.270678 0.270022 0.259279 0.268789 0.248656 0.265174 0.239534 0.259423 0.232534 0.251929 0.228134 0.243201 0.226634 0.233835 0.228134 0.224470 0.232534 0.215742 0.239534 0.208248 0.248656 0.202497 0.259279 0.198882 0.270678 0.197649 0.282078 0.198882 0.292701 0.202497 0.301823 0.208248 0.308822 0.215742 0.313222 0.224470
1 0.450786 0.232733 0.449102 0.242099 0.444165 0.250827 0.436311 0.258321 0.426075 0.264072 0.414156 0.267687 0.401365 0.268920 0.388574 0.267687 0.376654 0.264072 0.366419 0.258321 0.358565 0.250827 0.353628 0.242099 0.351944 0.232733 0.353628 0.223367 0.358565 0.214640 0.366419 0.207145 0.376654 0.201395 0.388574 0.197780 0.401365 0.196547 0.414156 0.197780 0.426075 0.201395 0.436311 0.207145 0.444165 0.214640 0.449102 0.223367
1 0.565343 0.241918 0.563730 0.251093 0.558999 0.259644 0.551474 0.266986 0.541667 0.272620 0.530246 0.276162 0.517990 0.277370 0.505734 0.276162 0.494313 0.272620 0.484506 0.266986 0.476981 0.259644 0.472250 0.251093 0.470637 0.241918 0.472250 0.232742 0.476981 0.224192 0.484506 0.216849 0.494313 0.211215 0.505734 0.207674 0.517990 0.206466 0.530246 0.207674 0.541667 0.211215 0.551474 0.216849 0.558999 0.224192 0.563730 0.232742
1 0.200579 0.374173 0.199064 0.382779 0.194623 0.390797 0.187557 0.397683 0.178350 0.402967 0.167627 0.406288 0.156121 0.407421 0.144614 0.406288 0.133892 0.402967 0.124684 0.397683 0.117619 0.390797 0.113177 0.382779 0.111663 0.374173 0.113177 0.365568 0.117619 0.357550 0.124684 0.350664 0.133892 0.345380 0.144614 0.342059 0.156121 0.340926 0.167627 0.342059 0.178350 0.345380 0.187557 0.350664 0.194623 0.357550 0.199064 0.365568
1 0.337883 0.344416 0.336156 0.353496 0.331095 0.361958 0.323044 0.369224 0.312552 0.374800 0.300333 0.378305 0.287221 0.379500 0.274109 0.378305 0.261890 0.374800 0.251398 0.369224 0.243347 0.361958 0.238285 0.353496 0.236559 0.344416 0.238285 0.335335 0.243347 0.326874 0.251398 0.319607 0.261890 0.314032 0.274109 0.310527 0.287221 0.309331 0.300333 0.310527 0.312552 0.314032 0.323044 0.319607 0.331095 0.326874 0.336156 0.335335
1 0.464847 0.337068 0.463163 0.345008 0.458226 0.352406 0.450372 0.358760 0.440136 0.363634 0.428217 0.366699 0.415426 0.367744 0.402635 0.366699 0.390715 0.363634 0.380480 0.358760 0.372626 0.352406 0.367689 0.345008 0.366005 0.337068 0.367689 0.329129 0.372626 0.321730 0.380480 0.315377 0.390715 0.310502 0.402635 0.307438 0.415426 0.306392 0.428217 0.307438 0.440136 0.310502 0.450372 0.315377 0.458226 0.321730 0.463163 0.329129
1 0.586021 0.343314 0.584352 0.352870 0.579456 0.361774 0.571668 0.369421 0.561518 0.375289 0.549698 0.378977 0.537014 0.380235 0.524330 0.378977 0.512510 0.375289 0.502361 0.369421 0.494572 0.361774 0.489677 0.352870 0.488007 0.343314 0.489677 0.333758 0.494572 0.324853 0.502361 0.317206 0.512510 0.311339 0.524330 0.307650 0.537014 0.306392 0.549698 0.307650 0.561518 0.311339 0.571668 0.317206 0.579456 0.324853 0.584352 0.333758
1 0.201406 0.454996 0.199694 0.465503 0.194674 0.475294 0.186689 0.483701 0.176282 0.490153 0.164163 0.494208 0.151158 0.495591 0.138153 0.494208 0.126034 0.490153 0.115627 0.483701 0.107642 0.475294 0.102622 0.465503 0.100910 0.454996 0.102622 0.444490 0.107642 0.434699 0.115627 0.426291 0.126034 0.419840 0.138153 0.415784 0.151158 0.414401 0.164163 0.415784 0.176282 0.419840 0.186689 0.426291 0.194674 0.434699 0.199694 0.444490
1 0.357320 0.428178 0.355439 0.438970 0.349923 0.449026 0.341149 0.457662 0.329715 0.464289 0.316399 0.468454 0.302109 0.469875 0.287820 0.468454 0.274504 0.464289 0.263069 0.457662 0.254295 0.449026 0.248780 0.438970 0.246898 0.428178 0.248780 0.417386 0.254295 0.407329 0.263069 0.398693 0.274504 0.392067 0.287820 0.387901 0.302109 0.386481 0.316399 0.387901 0.329715 0.392067 0.341149 0.398693 0.349923 0.407329 0.355439 0.417386
1 0.490902 0.442506 0.489034 0.453963 0.483560 0.464640 0.474852 0.473808 0.463503 0.480844 0.450287 0.485266 0.436104 0.486774 0.421922 0.485266 0.408706 0.480844 0.397357 0.473808 0.388648 0.464640 0.383174 0.453963 0.381307 0.442506 0.383174 0.431048 0.388648 0.420371 0.397357 0.411203 0.408706 0.404168 0.421922 0.399745 0.436104 0.398237 0.450287 0.399745 0.463503 0.404168 0.474852 0.411203 0.483560 0.420371 0.489034 0.431048
1 0.625310 0.445445 0.623189 0.456046 0.616971 0.465926 0.607080 0.474409 0.594189 0.480919 0.579178 0.485011 0.563069 0.486407 0.546959 0.485011 0.531948 0.480919 0.519057 0.474409 0.509166 0.465926 0.502948 0.456046 0.500827 0.445445 0.502948 0.434843 0.509166 0.424963 0.519057 0.416480 0.531948 0.409970 0.546959 0.405878 0.563069 0.404482 0.579178 0.405878 0.594189 0.409970 0.607080 0.416480 0.616971 0.424963 0.623189 0.434843
1 0.815136 0.091661 0.813650 0.100075 0.809291 0.107917 0.802357 0.114651 0.793321 0.119818 0.782798 0.123066 0.771505 0.124173 0.760213 0.123066 0.749690 0.119818 0.740654 0.114651 0.733720 0.107917 0.729361 0.100075 0.727874 0.091661 0.729361 0.083246 0.733720 0.075404 0.740654 0.068670 0.749690 0.063504 0.760213 0.060256 0.771505 0.059148 0.782798 0.060256 0.793321 0.063504 0.802357 0.068670 0.809291 0.075404 0.813650 0.083246
1 0.742349 0.130603 0.740707 0.137876 0.735894 0.144655 0.728237 0.150475 0.718259 0.154942 0.706639 0.157749 0.694169 0.158707 0.681699 0.157749 0.670079 0.154942 0.660100 0.150475 0.652443 0.144655 0.647630 0.137876 0.645988 0.130603 0.647630 0.123329 0.652443 0.116550 0.660100 0.110730 0.670079 0.106263 0.681699 0.103456 0.694169 0.102498 0.706639 0.103456 0.718259 0.106263 0.728237 0.110730 0.735894 0.116550 0.740707 0.123329
1 0.858561 0.153747 0.856975 0.161306 0.852327 0.168350 0.844934 0.174399 0.835298 0.179041 0.824077 0.181959 0.812035 0.182954 0.799993 0.181959 0.788772 0.179041 0.779136 0.174399 0.771742 0.168350 0.767094 0.161306 0.765509 0.153747 0.767094 0.146188 0.771742 0.139144 0.779136 0.133095 0.788772 0.128454 0.799993 0.125536 0.812035 0.124541 0.824077 0.125536 0.835298 0.128454 0.844934 0.133095 0.852327 0.139144 0.856975 0.146188
1 0.756824 0.191954 0.755168 0.199894 0.750313 0.207292 0.742591 0.213646 0.732527 0.218521 0.720807 0.221585 0.708230 0.222630 0.695653 0.221585 0.683933 0.218521 0.673869 0.213646 0.666146 0.207292 0.661292 0.199894 0.659636 0.191954 0.661292 0.184015 0.666146 0.176616 0.673869 0.170263 0.683933 0.165388 0.695653 0.162324 0.708230 0.161278 0.720807 0.162324 0.732527 0.165388 0.742591 0.170263 0.750313 0.176616 0.755168 0.184015
1 0.877998 0.216936 0.876371 0.225826 0.871599 0.234111 0.864008 0.241225 0.854115 0.246684 0.842595 0.250115 0.830232 0.251286 0.817869 0.250115 0.806348 0.246684 0.796455 0.241225 0.788864 0.234111 0.784092 0.225826 0.782465 0.216936 0.784092 0.208046 0.788864 0.199761 0.796455 0.192647 0.806348 0.187188 0.817869 0.183757 0.830232 0.182586 0.842595 0.183757 0.854115 0.187188 0.864008 0.192647 0.871599 0.199761 0.876371 0.208046
1 0.793631 0.272777 0.791848 0.281858 0.786622 0.290320 0.778308 0.297586 0.767473 0.303161 0.754856 0.306666 0.741315 0.307862 0.727775 0.306666 0.715157 0.303161 0.704322 0.297586 0.696008 0.290320 0.690782 0.281858 0.688999 0.272777 0.690782 0.263697 0.696008 0.255235 0.704322 0.247969 0.715157 0.242393 0.727775 0.238888 0.741315 0.237693 0.754856 0.238888 0.767473 0.242393 0.778308 0.247969 0.786622 0.255235 0.791848 0.263697
1 0.937965 0.283799 0.936084 0.293925 0.930568 0.303362 0.921794 0.311465 0.910360 0.317682 0.897044 0.321591 0.882754 0.322924 0.868465 0.321591 0.855149 0.317682 0.843714 0.311465 0.834940 0.303362 0.829425 0.293925 0.827543 0.283799 0.829425 0.273672 0.834940 0.264236 0.843714 0.256133 0.855149 0.249915 0.868465 0.246006 0.882754 0.244673 0.897044 0.246006 0.910360 0.249915 0.921794 0.256133 0.930568 0.264236 0.936084 0.273672
1 0.834574 0.344783 0.832946 0.356146 0.828174 0.366734 0.820583 0.375826 0.810691 0.382803 0.799170 0.387189 0.786807 0.388685 0.774444 0.387189 0.762924 0.382803 0.753031 0.375826 0.745440 0.366734 0.740668 0.356146 0.739041 0.344783 0.740668 0.333421 0.745440 0.322832 0.753031 0.313740 0.762924 0.306763 0.774444 0.302378 0.786807 0.300882 0.799170 0.302378 0.810691 0.306763 0.820583 0.313740 0.828174 0.322832 0.832946 0.333421
1 0.969396 0.380419 0.967487 0.388263 0.961889 0.395573 0.952983 0.401850 0.941377 0.406667 0.927862 0.409695 0.913358 0.410727 0.898854 0.409695 0.885339 0.406667 0.873733 0.401850 0.864828 0.395573 0.859230 0.388263 0.857320 0.380419 0.859230 0.372574 0.864828 0.365265 0.873733 0.358987 0.885339 0.354171 0.898854 0.351143 0.913358 0.350110 0.927862 0.351143 0.941377 0.354171 0.952983 0.358987 0.961889 0.365265 0.967487 0.372574
1 0.858147 0.425974 0.856449 0.436195 0.851471 0.445720 0.843551 0.453899 0.833230 0.460176 0.821211 0.464121 0.808313 0.465467 0.795415 0.464121 0.783395 0.460176 0.773074 0.453899 0.765155 0.445720 0.760176 0.436195 0.758478 0.425974 0.760176 0.415752 0.765155 0.406227 0.773074 0.398048 0.783395 0.391772 0.795415 0.387826 0.808313 0.386481 0.821211 0.387826 0.833230 0.391772 0.843551 0.398048 0.851471 0.406227 0.856449 0.415752
1 0.987593 0.469691 0.985585 0.481339 0.979698 0.492193 0.970332 0.501514 0.958127 0.508666 0.943913 0.513162 0.928660 0.514695 0.913407 0.513162 0.899194 0.508666 0.886988 0.501514 0.877623 0.492193 0.871735 0.481339 0.869727 0.469691 0.871735 0.458044 0.877623 0.447190 0.886988 0.437869 0.899194 0.430717 0.913407 0.426221 0.928660 0.424688 0.943913 0.426221 0.958127 0.430717 0.970332 0.437869 0.979698 0.447190 0.985585 0.458044
1 0.192721 0.786003 0.190516 0.799552 0.184050 0.812179 0.173764 0.823021 0.160360 0.831340 0.144750 0.836570 0.127998 0.838354 0.111247 0.836570 0.095637 0.831340 0.082232 0.823021 0.071947 0.812179 0.065481 0.799552 0.063275 0.786003 0.065481 0.772453 0.071947 0.759827 0.082232 0.748985 0.095637 0.740665 0.111247 0.735436 0.127998 0.733652 0.144750 0.735436 0.160360 0.740665 0.173764 0.748985 0.184050 0.759827 0.190516 0.772453
1 0.368486 0.737877 0.366380 0.751426 0.360203 0.764052 0.350377 0.774894 0.337572 0.783214 0.322661 0.788444 0.306658 0.790228 0.290656 0.788444 0.275744 0.783214 0.262939 0.774894 0.253114 0.764052 0.246937 0.751426 0.244830 0.737877 0.246937 0.724327 0.253114 0.711701 0.262939 0.700859 0.275744 0.692539 0.290656 0.687309 0.306658 0.685525 0.322661 0.687309 0.337572 0.692539 0.350377 0.700859 0.360203 0.711701 0.366380 0.724327
1 0.517370 0.737877 0.515249 0.749715 0.509031 0.760746 0.499140 0.770219 0.486249 0.777487 0.471238 0.782056 0.455128 0.783615 0.439019 0.782056 0.424007 0.777487 0.411117 0.770219 0.401225 0.760746 0.395008 0.749715 0.392887 0.737877 0.395008 0.726039 0.401225 0.715007 0.411117 0.705535 0.424007 0.698266 0.439019 0.693697 0.455128 0.692138 0.471238 0.693697 0.486249 0.698266 0.499140 0.705535 0.509031 0.715007 0.515249 0.726039
1 0.657155 0.737877 0.655175 0.752377 0.649370 0.765889 0.640136 0.777492 0.628102 0.786396 0.614088 0.791993 0.599049 0.793902 0.584010 0.791993 0.569996 0.786396 0.557962 0.777492 0.548728 0.765889 0.542923 0.752377 0.540943 0.737877 0.542923 0.723376 0.548728 0.709864 0.557962 0.698261 0.569996 0.689358 0.584010 0.683761 0.599049 0.681852 0.614088 0.683761 0.628102 0.689358 0.640136 0.698261 0.649370 0.709864 0.655175 0.723376
1 0.173284 0.917891 0.170994 0.930870 0.164280 0.942965 0.153600 0.953351 0.139682 0.961320 0.123473 0.966329 0.106079 0.968038 0.088686 0.966329 0.072477 0.961320 0.058559 0.953351 0.047879 0.942965 0.041165 0.930870 0.038875 0.917891 0.041165 0.904912 0.047879 0.892818 0.058559 0.882432 0.072477 0.874463 0.088686 0.869453 0.106079 0.867744 0.123473 0.869453 0.139682 0.874463 0.153600 0.882432 0.164280 0.892818 0.170994 0.904912
1 0.350703 0.905768 0.348329 0.920553 0.341367 0.934331 0.330293 0.946163 0.315860 0.955241 0.299053 0.960948 0.281017 0.962895 0.262981 0.960948 0.246175 0.955241 0.231742 0.946163 0.220668 0.934331 0.213706 0.920553 0.211332 0.905768 0.213706 0.890982 0.220668 0.877204 0.231742 0.865373 0.246175 0.856294 0.262981 0.850587 0.281017 0.848641 0.299053 0.850587 0.315860 0.856294 0.330293 0.865373 0.341367 0.877204 0.348329 0.890982
1 0.504136 0.896951 0.502057 0.911166 0.495963 0.924412 0.486269 0.935787 0.473635 0.944515 0.458923 0.950002 0.443135 0.951874 0.427347 0.950002 0.412634 0.944515 0.400001 0.935787 0.390307 0.924412 0.384213 0.911166 0.382134 0.896951 0.384213 0.882736 0.390307 0.869489 0.400001 0.858114 0.412634 0.849386 0.427347 0.843899 0.443135 0.842028 0.458923 0.843899 0.473635 0.849386 0.486269 0.858114 0.495963 0.869489 0.502057 0.882736
1 0.710091 0.887766 0.707759 0.901031 0.700921 0.913391 0.690044 0.924005 0.675868 0.932149 0.659361 0.937269 0.641646 0.939015 0.623931 0.937269 0.607423 0.932149 0.593248 0.924005 0.582371 0.913391 0.575533 0.901031 0.573201 0.887766 0.575533 0.874502 0.582371 0.862142 0.593248 0.851528 0.607423 0.843383 0.623931 0.838264 0.641646 0.836517 0.659361 0.838264 0.675868 0.843383 0.690044 0.851528 0.700921 0.862142 0.707759 0.874502
1 0.873036 0.918626 0.870774 0.934362 0.864143 0.949026 0.853594 0.961619 0.839847 0.971281 0.823838 0.977355 0.806658 0.979427 0.789479 0.977355 0.773470 0.971281 0.759723 0.961619 0.749174 0.949026 0.742543 0.934362 0.740281 0.918626 0.742543 0.902890 0.749174 0.888226 0.759723 0.875633 0.773470 0.865971 0.789479 0.859897 0.806658 0.857825 0.823838 0.859897 0.839847 0.865971 0.853594 0.875633 0.864143 0.888226 0.870774 0.902890
1 0.830025 0.738611 0.827777 0.755299 0.821187 0.770849 0.810705 0.784202 0.797043 0.794448 0.781134 0.800889 0.764061 0.803086 0.746989 0.800889 0.731079 0.794448 0.717418 0.784202 0.706935 0.770849 0.700345 0.755299 0.698098 0.738611 0.700345 0.721924 0.706935 0.706374 0.717418 0.693021 0.731079 0.682775 0.746989 0.676334 0.764061 0.674137 0.781134 0.676334 0.797043 0.682775 0.810705 0.693021 0.821187 0.706374 0.827777 0.721924
1 0.518023 0.046358 0.516482 0.053840 0.511963 0.060812 0.504775 0.066800 0.495408 0.071394 0.484499 0.074282 0.472792 0.075267 0.461086 0.074282 0.450177 0.071394 0.440809 0.066800 0.433621 0.060812 0.429103 0.053840 0.427562 0.046358 0.429103 0.038876 0.433621 0.031903 0.440809 0.025916 0.450177 0.021322 0.461086 0.018434 0.472792 0.017449 0.484499 0.018434 0.495408 0.021322 0.504775 0.025916 0.511963 0.031903 0.516482 0.038876
0 0.556038 0.013593 0.538503 0.064217 0.576385 0.084791 0.625062 0.074210 0.632382 0.026855 0.601282 0.010287
0 0.457858 0.072483 0.476096 0.139824 0.505790 0.147796 0.554301 0.118626 0.567204 0.074467 0.522663 0.047318
0 0.412035 0.091881 0.392184 0.133358 0.428495 0.130749 0.455087 0.112638
0 0.310877 0.039603 0.270182 0.049192 0.249132 0.084644 0.262366 0.122190 0.320430 0.139199 0.385567 0.103857 0.379653 0.074724 0.344624 0.048788
0 0.225434 0.123475 0.228205 0.128655 0.237552 0.126598 0.246816 0.119104 0.232630 0.114107
0 0.231431 0.153857 0.241563 0.175129 0.218817 0.199008 0.204012 0.201396 0.176303 0.181594 0.175476 0.149412 0.204508 0.139640
0 0.324152 0.143828 0.316460 0.188611 0.366088 0.192652 0.374566 0.186481 0.377213 0.160617 0.356328 0.139860
0 0.478991 0.136517 0.433540 0.139897 0.410587 0.161132 0.446774 0.186921 0.471960 0.191844 0.503226 0.175533
0 0.588007 0.156062 0.543921 0.158927 0.548925 0.186334 0.564433 0.190705 0.593714 0.181227
0 0.153639 0.184607 0.100703 0.202057 0.082878 0.275643 0.107692 0.282476 0.201282 0.272888 0.215343 0.222226
0 0.232672 0.183872 0.217618 0.212968 0.216543 0.243828 0.254756 0.270757 0.301613 0.253049 0.329404 0.214989 0.317080 0.184350 0.261704 0.170389
0 0.399504 0.167487 0.353019 0.186113 0.335236 0.218553 0.351075 0.252608 0.408602 0.271932 0.455666 0.256503 0.463896 0.209625 0.438296 0.173806
0 0.502564 0.190411 0.475310 0.204335 0.462035 0.231411 0.474566 0.257421 0.493672 0.274761 0.532506 0.277039 0.566170 0.254849 0.550124 0.199890
0 0.162821 0.371822 0.139620 0.387436 0.143714 0.402168 0.178371 0.400478 0.182423 0.380492
0 0.264723 0.334056 0.267039 0.346951 0.284326 0.370977 0.302440 0.370830 0.319851 0.356466 0.299256 0.328545
0 0.416212 0.306907 0.390860 0.313556 0.370223 0.348604 0.406865 0.372814 0.460256 0.345445 0.449959 0.314548
0 0.521340 0.304739 0.496878 0.319331 0.481803 0.350625 0.486600 0.379904 0.554177 0.385709 0.589495 0.350882 0.571505 0.318148
0 0.120471 0.417744 0.101241 0.429464 0.092845 0.472410 0.120926 0.498273 0.181886 0.478472 0.190902 0.431668 0.170844 0.412013
0 0.228660 0.443314 0.265509 0.477296 0.338255 0.466458 0.366749 0.425092 0.357486 0.393461 0.298842 0.362895 0.236311 0.401102
0 0.411042 0.414805 0.468569 0.422263 0.458519 0.461168 0.426013 0.486664 0.387345 0.456282
0 0.499462 0.422998 0.501944 0.464364 0.523615 0.487766 0.583333 0.494893 0.622291 0.480162 0.639289 0.440228 0.642639 0.402388 0.594996 0.371124 0.529653 0.377223
0 0.728246 0.071712 0.716998 0.105217 0.729529 0.120022 0.758189 0.123953 0.805211 0.109405 0.814557 0.072888 0.763689 0.055253
0 0.688627 0.097796 0.744045 0.113336 0.728908 0.154151 0.672333 0.161976 0.639950 0.111352
0 0.784326 0.102682 0.764309 0.121124 0.759305 0.158376 0.780645 0.174688 0.847188 0.171455 0.862821 0.111609
0 0.667246 0.166275 0.663689 0.211425 0.713772 0.222777 0.758478 0.197134 0.757692 0.165026 0.714557 0.137472
0 0.817246 0.152719 0.764971 0.189860 0.772333 0.222814 0.808106 0.256723 0.871175 0.243314 0.906534 0.205253 0.866501 0.159589
0 0.691398 0.216899 0.713110 0.243608 0.686311 0.268846 0.710835 0.309699 0.785153 0.283395 0.814061 0.241109 0.750372 0.204151
0 0.871175 0.258560 0.832217 0.277737 0.842390 0.315614 0.898428 0.320904 0.922291 0.286407 0.898222 0.264107
0 0.752192 0.314732 0.789041 0.296841 0.846237 0.310213 0.850744 0.333211 0.841605 0.375753 0.768238 0.386554 0.737717 0.346804
0 0.915261 0.353564 0.875600 0.352939 0.860505 0.398641 0.901613 0.412087 0.925476 0.413005 0.957982 0.382770 0.942308 0.362858
0 0.816419 0.343644 0.731845 0.388060 0.764640 0.478913 0.831720 0.475055 0.889206 0.401470
0 0.890653 0.451543 0.902481 0.487436 0.927461 0.506062 0.956369 0.496032 0.963234 0.436260
0 0.122415 0.699229 0.065964 0.740154 0.054012 0.763630 0.060339 0.808854 0.105542 0.830529 0.168569 0.824431 0.196112 0.791514 0.213069 0.743424 0.182382 0.709662
0 0.254342 0.712197 0.256865 0.773806 0.291811 0.802498 0.354301 0.773402 0.368238 0.702498
0 0.083664 0.861132 0.144624 0.859846 0.179570 0.903123 0.136022 0.958486 0.061456 0.950661 0.043838 0.927994
0 0.335029 0.851837 0.294706 0.850478 0.277075 0.893991 0.274370 0.910190 0.301241 0.928913 0.367825 0.880235
0 0.462696 0.694416 0.513730 0.724210 0.484078 0.779647 0.418528 0.753564 0.420430 0.713740
0 0.441935 0.840411 0.404673 0.861756 0.428908 0.934056 0.479570 0.940705 0.504921 0.915246 0.490157 0.853306
0 0.575227 0.668112 0.517411 0.756172 0.605790 0.786738 0.648056 0.757788 0.652523 0.681411
0 0.614433 0.845408 0.600414 0.882072 0.624483 0.941844 0.661497 0.919728 0.682423 0.874908
0 0.864268 0.889750 0.794955 0.851359 0.725972 0.898494 0.729156 0.946988 0.772994 0.987950 0.831596 0.991330 0.869851 0.956356
0 0.728784 0.684607 0.703184 0.718736 0.707651 0.771639 0.727543 0.789383 0.831803 0.763813 0.810463 0.698714