1 0.204125 0.069596 0.202625 0.087110 0.198230 0.103430 0.191237 0.117444 0.182125 0.128197 0.171513 0.134957 0.160125 0.137263 0.148737 0.134957 0.138125 0.128197 0.129012 0.117444 0.122020 0.103430 0.117625 0.087110 0.116125 0.069596 0.117625 0.052083 0.122020 0.035763 0.129012 0.021749 0.138125 0.010995 0.148737 0.004235 0.160125 0.001929 0.171513 0.004235 0.182125 0.010995 0.191237 0.021749 0.198230 0.035763 0.202625 0.052083
1 0.290502 0.087197 0.288994 0.105089 0.284574 0.121761 0.277542 0.136078 0.268379 0.147063 0.257707 0.153969 0.246255 0.156324 0.234804 0.153969 0.224132 0.147063 0.214969 0.136078 0.207937 0.121761 0.203517 0.105089 0.202009 0.087197 0.203517 0.069306 0.207937 0.052634 0.214969 0.038317 0.224132 0.027331 0.234804 0.020426 0.246255 0.018070 0.257707 0.020426 0.268379 0.027331 0.277542 0.038317 0.284574 0.052634 0.288994 0.069306
1 0.403643 0.163092 0.402139 0.180730 0.397728 0.197167 0.390712 0.211281 0.381568 0.222111 0.370920 0.228919 0.359493 0.231242 0.348067 0.228919 0.337419 0.222111 0.328275 0.211281 0.321259 0.197167 0.316848 0.180730 0.315344 0.163092 0.316848 0.145453 0.321259 0.129017 0.328275 0.114902 0.337419 0.104072 0.348067 0.097264 0.359493 0.094942 0.370920 0.097264 0.381568 0.104072 0.390712 0.114902 0.397728 0.129017 0.402139 0.145453
1 0.572678 0.279658 0.571222 0.296975 0.566953 0.313112 0.560162 0.326970 0.551312 0.337603 0.541007 0.344287 0.529947 0.346567 0.518888 0.344287 0.508582 0.337603 0.499732 0.326970 0.492942 0.313112 0.488673 0.296975 0.487217 0.279658 0.488673 0.262341 0.492942 0.246204 0.499732 0.232347 0.508582 0.221714 0.518888 0.215030 0.529947 0.212750 0.541007 0.215030 0.551312 0.221714 0.560162 0.232347 0.566953 0.246204 0.571222 0.262341
1 0.184284 0.257237 0.182765 0.275042 0.178312 0.291634 0.171229 0.305882 0.161997 0.316815 0.151247 0.323687 0.139711 0.326031 0.128175 0.323687 0.117425 0.316815 0.108193 0.305882 0.101110 0.291634 0.096657 0.275042 0.095138 0.257237 0.096657 0.239432 0.101110 0.222840 0.108193 0.208593 0.117425 0.197660 0.128175 0.190788 0.139711 0.188444 0.151247 0.190788 0.161997 0.197660 0.171229 0.208593 0.178312 0.222840 0.182765 0.239432
1 0.282543 0.226285 0.281036 0.243812 0.276618 0.260144 0.269590 0.274169 0.260431 0.284931 0.249765 0.291696 0.238319 0.294004 0.226872 0.291696 0.216206 0.284931 0.207047 0.274169 0.200019 0.260144 0.195601 0.243812 0.194094 0.226285 0.195601 0.208758 0.200019 0.192425 0.207047 0.178400 0.216206 0.167639 0.226872 0.160873 0.238319 0.158566 0.249765 0.160873 0.260431 0.167639 0.269590 0.178400 0.276618 0.192425 0.281036 0.208758
1 0.366462 0.284738 0.364977 0.301980 0.360623 0.318048 0.353698 0.331846 0.344673 0.342433 0.334163 0.349088 0.322885 0.351359 0.311607 0.349088 0.301097 0.342433 0.292072 0.331846 0.285147 0.318048 0.280793 0.301980 0.279308 0.284738 0.280793 0.267495 0.285147 0.251427 0.292072 0.237629 0.301097 0.227042 0.311607 0.220387 0.322885 0.218117 0.334163 0.220387 0.344673 0.227042 0.353698 0.237629 0.360623 0.251427 0.364977 0.267495
1 0.647542 0.346430 0.646100 0.363395 0.641874 0.379203 0.635151 0.392778 0.626388 0.403195 0.616185 0.409743 0.605235 0.411976 0.594285 0.409743 0.584081 0.403195 0.575319 0.392778 0.568595 0.379203 0.564369 0.363395 0.562927 0.346430 0.564369 0.329466 0.568595 0.313657 0.575319 0.300082 0.584081 0.289666 0.594285 0.283118 0.605235 0.280884 0.616185 0.283118 0.626388 0.289666 0.635151 0.300082 0.641874 0.313657 0.646100 0.329466
1 0.724258 0.391554 0.722802 0.408513 0.718534 0.424316 0.711743 0.437886 0.702893 0.448299 0.692588 0.454845 0.681528 0.457077 0.670469 0.454845 0.660163 0.448299 0.651313 0.437886 0.644522 0.424316 0.640254 0.408513 0.638798 0.391554 0.640254 0.374596 0.644522 0.358793 0.651313 0.345222 0.660163 0.334810 0.670469 0.328264 0.681528 0.326031 0.692588 0.328264 0.702893 0.334810 0.711743 0.345222 0.718534 0.358793 0.722802 0.374596
1 0.813527 0.399550 0.812143 0.416144 0.808084 0.431607 0.801627 0.444886 0.793213 0.455075 0.783414 0.461480 0.772899 0.463665 0.762383 0.461480 0.752584 0.455075 0.744170 0.444886 0.737713 0.431607 0.733655 0.416144 0.732270 0.399550 0.733655 0.382956 0.737713 0.367492 0.744170 0.354214 0.752584 0.344025 0.762383 0.337619 0.772899 0.335435 0.783414 0.337619 0.793213 0.344025 0.801627 0.354214 0.808084 0.367492 0.812143 0.382956
1 0.910111 0.457427 0.908792 0.474306 0.904925 0.490034 0.898773 0.503540 0.890755 0.513903 0.881419 0.520418 0.871400 0.522640 0.861381 0.520418 0.852044 0.513903 0.844027 0.503540 0.837875 0.490034 0.834008 0.474306 0.832689 0.457427 0.834008 0.440549 0.837875 0.424821 0.844027 0.411315 0.852044 0.400952 0.861381 0.394437 0.871400 0.392215 0.881419 0.394437 0.890755 0.400952 0.898773 0.411315 0.904925 0.424821 0.908792 0.440549
1 0.997510 0.464623 0.996240 0.480877 0.992519 0.496024 0.986598 0.509030 0.978883 0.519010 0.969898 0.525284 0.960256 0.527424 0.950615 0.525284 0.941630 0.519010 0.933915 0.509030 0.927994 0.496024 0.924273 0.480877 0.923003 0.464623 0.924273 0.448369 0.927994 0.433222 0.933915 0.420216 0.941630 0.410235 0.950615 0.403961 0.960256 0.401822 0.969898 0.403961 0.978883 0.410235 0.986598 0.420216 0.992519 0.433222 0.996240 0.448369
1 0.372664 0.425962 0.371155 0.443422 0.366729 0.459693 0.359688 0.473665 0.350512 0.484386 0.339827 0.491125 0.328360 0.493424 0.316894 0.491125 0.306208 0.484386 0.297033 0.473665 0.289992 0.459693 0.285566 0.443422 0.284056 0.425962 0.285566 0.408501 0.289992 0.392231 0.297033 0.378259 0.306208 0.367538 0.316894 0.360799 0.328360 0.358500 0.339827 0.360799 0.350512 0.367538 0.359688 0.378259 0.366729 0.392231 0.371155 0.408501
1 0.461699 0.352393 0.460241 0.369481 0.455968 0.385405 0.449170 0.399079 0.440311 0.409571 0.429994 0.416167 0.418923 0.418417 0.407851 0.416167 0.397535 0.409571 0.388675 0.399079 0.381877 0.385405 0.377604 0.369481 0.376147 0.352393 0.377604 0.335305 0.381877 0.319381 0.388675 0.305707 0.397535 0.295214 0.407851 0.288619 0.418923 0.286369 0.429994 0.288619 0.440311 0.295214 0.449170 0.305707 0.455968 0.319381 0.460241 0.335305
1 0.557416 0.585420 0.555984 0.601902 0.551786 0.617260 0.545108 0.630449 0.536404 0.640568 0.526269 0.646930 0.515393 0.649100 0.504516 0.646930 0.494381 0.640568 0.485678 0.630449 0.479000 0.617260 0.474801 0.601902 0.473370 0.585420 0.474801 0.568939 0.479000 0.553580 0.485678 0.540392 0.494381 0.530272 0.504516 0.523910 0.515393 0.521740 0.526269 0.523910 0.536404 0.530272 0.545108 0.540392 0.551786 0.553580 0.555984 0.568939
1 0.647829 0.498673 0.646425 0.515725 0.642308 0.531614 0.635759 0.545259 0.627225 0.555728 0.617286 0.562310 0.606620 0.564555 0.595955 0.562310 0.586016 0.555728 0.577481 0.545259 0.570933 0.531614 0.566816 0.515725 0.565412 0.498673 0.566816 0.481622 0.570933 0.465733 0.577481 0.452088 0.586016 0.441618 0.595955 0.435037 0.606620 0.432792 0.617286 0.435037 0.627225 0.441618 0.635759 0.452088 0.642308 0.465733 0.646425 0.481622
1 0.724738 0.546867 0.723310 0.564297 0.719123 0.580540 0.712463 0.594488 0.703784 0.605190 0.693676 0.611918 0.682829 0.614213 0.671982 0.611918 0.661874 0.605190 0.653195 0.594488 0.646535 0.580540 0.642348 0.564297 0.640920 0.546867 0.642348 0.529437 0.646535 0.513194 0.653195 0.499247 0.661874 0.488544 0.671982 0.481816 0.682829 0.479522 0.693676 0.481816 0.703784 0.488544 0.712463 0.499247 0.719123 0.513194 0.723310 0.529437
1 0.808692 0.530133 0.807313 0.546335 0.803267 0.561432 0.796832 0.574396 0.788445 0.584344 0.778679 0.590598 0.768198 0.592731 0.757718 0.590598 0.747951 0.584344 0.739565 0.574396 0.733129 0.561432 0.729084 0.546335 0.727704 0.530133 0.729084 0.513931 0.733129 0.498834 0.739565 0.485870 0.747951 0.475922 0.757718 0.469668 0.768198 0.467535 0.778679 0.469668 0.788445 0.475922 0.796832 0.485870 0.803267 0.498834 0.807313 0.513931
1 0.884917 0.588924 0.883558 0.605415 0.879575 0.620782 0.873238 0.633978 0.864980 0.644104 0.855364 0.650469 0.845044 0.652640 0.834724 0.650469 0.825107 0.644104 0.816849 0.633978 0.810513 0.620782 0.806530 0.605415 0.805171 0.588924 0.806530 0.572434 0.810513 0.557067 0.816849 0.543871 0.825107 0.533745 0.834724 0.527380 0.845044 0.525209 0.855364 0.527380 0.864980 0.533745 0.873238 0.543871 0.879575 0.557067 0.883558 0.572434
1 0.965030 0.607304 0.963625 0.623379 0.959509 0.638358 0.952960 0.651221 0.944425 0.661091 0.934486 0.667296 0.923821 0.669412 0.913155 0.667296 0.903216 0.661091 0.894682 0.651221 0.888133 0.638358 0.884016 0.623379 0.882612 0.607304 0.884016 0.591229 0.888133 0.576250 0.894682 0.563387 0.903216 0.553517 0.913155 0.547312 0.923821 0.545196 0.934486 0.547312 0.944425 0.553517 0.952960 0.563387 0.959509 0.576250 0.963625 0.591229
1 0.204518 0.456897 0.203021 0.474174 0.198633 0.490275 0.191652 0.504101 0.182554 0.514709 0.171959 0.521378 0.160589 0.523653 0.149220 0.521378 0.138625 0.514709 0.129527 0.504101 0.122546 0.490275 0.118157 0.474174 0.116661 0.456897 0.118157 0.439619 0.122546 0.423518 0.129527 0.409693 0.138625 0.399084 0.149220 0.392415 0.160589 0.390140 0.171959 0.392415 0.182554 0.399084 0.191652 0.409693 0.198633 0.423518 0.203021 0.439619
1 0.286121 0.501709 0.284630 0.519109 0.280259 0.535323 0.273305 0.549247 0.264242 0.559931 0.253689 0.566647 0.242364 0.568938 0.231039 0.566647 0.220485 0.559931 0.211423 0.549247 0.204469 0.535323 0.200098 0.519109 0.198607 0.501709 0.200098 0.484309 0.204469 0.468095 0.211423 0.454171 0.220485 0.443487 0.231039 0.436771 0.242364 0.434480 0.253689 0.436771 0.264242 0.443487 0.273305 0.454171 0.280259 0.468095 0.284630 0.484309
1 0.375115 0.571076 0.373652 0.588067 0.369365 0.603901 0.362545 0.617497 0.353657 0.627930 0.343306 0.634489 0.332199 0.636726 0.321091 0.634489 0.310741 0.627930 0.301853 0.617497 0.295033 0.603901 0.290745 0.588067 0.289283 0.571076 0.290745 0.554084 0.295033 0.538251 0.301853 0.524654 0.310741 0.514222 0.321091 0.507663 0.332199 0.505426 0.343306 0.507663 0.353657 0.514222 0.362545 0.524654 0.369365 0.538251 0.373652 0.554084
1 0.454311 0.637047 0.452889 0.652852 0.448721 0.667580 0.442091 0.680228 0.433451 0.689932 0.423389 0.696033 0.412591 0.698114 0.401794 0.696033 0.391732 0.689932 0.383091 0.680228 0.376461 0.667580 0.372294 0.652852 0.370872 0.637047 0.372294 0.621242 0.376461 0.606514 0.383091 0.593867 0.391732 0.584162 0.401794 0.578062 0.412591 0.575981 0.423389 0.578062 0.433451 0.584162 0.442091 0.593867 0.448721 0.606514 0.452889 0.621242
1 0.636541 0.636094 0.635135 0.652290 0.631014 0.667383 0.624459 0.680344 0.615917 0.690289 0.605969 0.696541 0.595293 0.698673 0.584617 0.696541 0.574669 0.690289 0.566126 0.680344 0.559571 0.667383 0.555451 0.652290 0.554045 0.636094 0.555451 0.619897 0.559571 0.604804 0.566126 0.591844 0.574669 0.581899 0.584617 0.575647 0.595293 0.573515 0.605969 0.575647 0.615917 0.581899 0.624459 0.591844 0.631014 0.604804 0.635135 0.619897
1 0.721393 0.682330 0.719980 0.699081 0.715836 0.714691 0.709243 0.728095 0.700652 0.738380 0.690647 0.744845 0.679910 0.747051 0.669173 0.744845 0.659168 0.738380 0.650577 0.728095 0.643984 0.714691 0.639840 0.699081 0.638426 0.682330 0.639840 0.665579 0.643984 0.649970 0.650577 0.636566 0.659168 0.626281 0.669173 0.619815 0.679910 0.617610 0.690647 0.619815 0.700652 0.626281 0.709243 0.636566 0.715836 0.649970 0.719980 0.665579
1 0.799915 0.658334 0.798549 0.673932 0.794546 0.688467 0.788179 0.700949 0.779880 0.710526 0.770216 0.716547 0.759845 0.718600 0.749475 0.716547 0.739811 0.710526 0.731512 0.700949 0.725144 0.688467 0.721141 0.673932 0.719776 0.658334 0.721141 0.642736 0.725144 0.628201 0.731512 0.615719 0.739811 0.606142 0.749475 0.600121 0.759845 0.598067 0.770216 0.600121 0.779880 0.606142 0.788179 0.615719 0.794546 0.628201 0.798549 0.642736
1 0.874868 0.735442 0.873510 0.751695 0.869531 0.766840 0.863201 0.779845 0.854951 0.789825 0.845344 0.796098 0.835034 0.798238 0.824724 0.796098 0.815117 0.789825 0.806868 0.779845 0.800537 0.766840 0.796558 0.751695 0.795201 0.735442 0.796558 0.719189 0.800537 0.704044 0.806868 0.691039 0.815117 0.681059 0.824724 0.674786 0.835034 0.672646 0.845344 0.674786 0.854951 0.681059 0.863201 0.691039 0.869531 0.704044 0.873510 0.719189
1 0.959213 0.739697 0.957820 0.755341 0.953736 0.769918 0.947240 0.782436 0.938774 0.792041 0.928915 0.798079 0.918335 0.800138 0.907755 0.798079 0.897896 0.792041 0.889430 0.782436 0.882933 0.769918 0.878850 0.755341 0.877457 0.739697 0.878850 0.724054 0.882933 0.709477 0.889430 0.696959 0.897896 0.687354 0.907755 0.681316 0.918335 0.679257 0.928915 0.681316 0.938774 0.687354 0.947240 0.696959 0.953736 0.709477 0.957820 0.724054
1 0.185545 0.632124 0.184045 0.649205 0.179645 0.665122 0.172645 0.678790 0.163524 0.689278 0.152901 0.695871 0.141502 0.698120 0.130102 0.695871 0.119480 0.689278 0.110358 0.678790 0.103359 0.665122 0.098959 0.649205 0.097458 0.632124 0.098959 0.615043 0.103359 0.599126 0.110358 0.585458 0.119480 0.574970 0.130102 0.568377 0.141502 0.566129 0.152901 0.568377 0.163524 0.574970 0.172645 0.585458 0.179645 0.599126 0.184045 0.615043
1 0.360400 0.710784 0.358962 0.727624 0.354747 0.743317 0.348042 0.756793 0.339304 0.767133 0.329129 0.773633 0.318209 0.775850 0.307289 0.773633 0.297114 0.767133 0.288376 0.756793 0.281671 0.743317 0.277456 0.727624 0.276018 0.710784 0.277456 0.693944 0.281671 0.678251 0.288376 0.664775 0.297114 0.654435 0.307289 0.647935 0.318209 0.645718 0.329129 0.647935 0.339304 0.654435 0.348042 0.664775 0.354747 0.678251 0.358962 0.693944
1 0.535327 0.711815 0.533905 0.728801 0.529738 0.744630 0.523108 0.758222 0.514467 0.768652 0.504405 0.775208 0.493608 0.777444 0.482810 0.775208 0.472748 0.768652 0.464108 0.758222 0.457478 0.744630 0.453310 0.728801 0.451888 0.711815 0.453310 0.694829 0.457478 0.679001 0.464108 0.665409 0.472748 0.654979 0.482810 0.648423 0.493608 0.646187 0.504405 0.648423 0.514467 0.654979 0.523108 0.665409 0.529738 0.679001 0.533905 0.694829
1 0.615059 0.762939 0.613654 0.779572 0.609533 0.795072 0.602978 0.808382 0.594435 0.818595 0.584487 0.825016 0.573811 0.827205 0.563136 0.825016 0.553187 0.818595 0.544645 0.808382 0.538090 0.795072 0.533969 0.779572 0.532564 0.762939 0.533969 0.746306 0.538090 0.730806 0.544645 0.717496 0.553187 0.707283 0.563136 0.700863 0.573811 0.698673 0.584487 0.700863 0.594435 0.707283 0.602978 0.717496 0.609533 0.730806 0.613654 0.746306
1 0.699404 0.803534 0.698001 0.819686 0.693887 0.834738 0.687343 0.847663 0.678815 0.857580 0.668883 0.863815 0.658225 0.865941 0.647567 0.863815 0.637636 0.857580 0.629107 0.847663 0.622563 0.834738 0.618450 0.819686 0.617046 0.803534 0.618450 0.787381 0.622563 0.772330 0.629107 0.759405 0.637636 0.749487 0.647567 0.743252 0.658225 0.741126 0.668883 0.743252 0.678815 0.749487 0.687343 0.759405 0.693887 0.772330 0.698001 0.787381
1 0.786549 0.787342 0.785139 0.803723 0.781004 0.818987 0.774428 0.832096 0.765858 0.842154 0.755877 0.848477 0.745167 0.850633 0.734456 0.848477 0.724476 0.842154 0.715905 0.832096 0.709329 0.818987 0.705195 0.803723 0.703785 0.787342 0.705195 0.770960 0.709329 0.755696 0.715905 0.742587 0.724476 0.732529 0.734456 0.726206 0.745167 0.724050 0.755877 0.726206 0.765858 0.732529 0.774428 0.742587 0.781004 0.755696 0.785139 0.770960
1 0.865070 0.863063 0.863792 0.878219 0.860045 0.892342 0.854084 0.904470 0.846315 0.913776 0.837269 0.919626 0.827561 0.921621 0.817853 0.919626 0.808806 0.913776 0.801038 0.904470 0.795077 0.892342 0.791330 0.878219 0.790052 0.863063 0.791330 0.847907 0.795077 0.833784 0.801038 0.821656 0.808806 0.812350 0.817853 0.806500 0.827561 0.804505 0.837269 0.806500 0.846315 0.812350 0.854084 0.821656 0.860045 0.833784 0.863792 0.847907
1 0.177133 0.771724 0.175663 0.788391 0.171352 0.803922 0.164494 0.817259 0.155557 0.827492 0.145150 0.833926 0.133981 0.836120 0.122813 0.833926 0.112405 0.827492 0.103468 0.817259 0.096611 0.803922 0.092300 0.788391 0.090830 0.771724 0.092300 0.755057 0.096611 0.739526 0.103468 0.726190 0.112405 0.715956 0.122813 0.709523 0.133981 0.707329 0.145150 0.709523 0.155557 0.715956 0.164494 0.726190 0.171352 0.739526 0.175663 0.755057
1 0.275206 0.773838 0.273768 0.790293 0.269553 0.805626 0.262849 0.818792 0.254111 0.828896 0.243935 0.835247 0.233015 0.837413 0.222096 0.835247 0.211920 0.828896 0.203182 0.818792 0.196477 0.805626 0.192262 0.790293 0.190825 0.773838 0.192262 0.757384 0.196477 0.742051 0.203182 0.728884 0.211920 0.718781 0.222096 0.712430 0.233015 0.710264 0.243935 0.712430 0.254111 0.718781 0.262849 0.728884 0.269553 0.742051 0.273768 0.757384
1 0.361703 0.865544 0.360251 0.882474 0.355994 0.898250 0.349222 0.911798 0.340397 0.922193 0.330120 0.928728 0.319092 0.930956 0.308063 0.928728 0.297786 0.922193 0.288961 0.911798 0.282189 0.898250 0.277932 0.882474 0.276480 0.865544 0.277932 0.848614 0.282189 0.832838 0.288961 0.819291 0.297786 0.808896 0.308063 0.802361 0.319092 0.800132 0.330120 0.802361 0.340397 0.808896 0.349222 0.819291 0.355994 0.832838 0.360251 0.848614
1 0.457154 0.892548 0.455757 0.908880 0.451660 0.924098 0.445142 0.937166 0.436648 0.947194 0.426757 0.953498 0.416142 0.955648 0.405528 0.953498 0.395636 0.947194 0.387142 0.937166 0.380625 0.924098 0.376528 0.908880 0.375130 0.892548 0.376528 0.876217 0.380625 0.860999 0.387142 0.847930 0.395636 0.837903 0.405528 0.831599 0.416142 0.829449 0.426757 0.831599 0.436648 0.837903 0.445142 0.847930 0.451660 0.860999 0.455757 0.876217
1 0.608126 0.902542 0.606713 0.918381 0.602571 0.933140 0.595981 0.945814 0.587394 0.955539 0.577393 0.961653 0.566661 0.963738 0.555929 0.961653 0.545928 0.955539 0.537340 0.945814 0.530751 0.933140 0.526608 0.918381 0.525196 0.902542 0.526608 0.886704 0.530751 0.871944 0.537340 0.859270 0.545928 0.849545 0.555929 0.843432 0.566661 0.841347 0.577393 0.843432 0.587394 0.849545 0.595981 0.859270 0.602571 0.871944 0.606713 0.886704
1 0.686647 0.936562 0.685306 0.952390 0.681374 0.967139 0.675119 0.979805 0.666966 0.989523 0.657473 0.995632 0.647285 0.997716 0.637098 0.995632 0.627604 0.989523 0.619452 0.979805 0.613197 0.967139 0.609264 0.952390 0.607923 0.936562 0.609264 0.920735 0.613197 0.905986 0.619452 0.893320 0.627604 0.883602 0.637098 0.877493 0.647285 0.875409 0.657473 0.877493 0.666966 0.883602 0.675119 0.893320 0.681374 0.905986 0.685306 0.920735
1 0.774865 0.931354 0.773465 0.946549 0.769361 0.960709 0.762833 0.972869 0.754325 0.982199 0.744417 0.988065 0.733784 0.990065 0.723151 0.988065 0.713243 0.982199 0.704735 0.972869 0.698207 0.960709 0.694103 0.946549 0.692703 0.931354 0.694103 0.916158 0.698207 0.901998 0.704735 0.889838 0.713243 0.880508 0.723151 0.874643 0.733784 0.872642 0.744417 0.874643 0.754325 0.880508 0.762833 0.889838 0.769361 0.901998 0.773465 0.916158
1 0.169430 0.911697 0.167995 0.928938 0.163789 0.945004 0.157097 0.958801 0.148376 0.969387 0.138220 0.976042 0.127322 0.978312 0.116423 0.976042 0.106268 0.969387 0.097547 0.958801 0.090855 0.945004 0.086648 0.928938 0.085213 0.911697 0.086648 0.894455 0.090855 0.878389 0.097547 0.864593 0.106268 0.854006 0.116423 0.847351 0.127322 0.845082 0.138220 0.847351 0.148376 0.854006 0.157097 0.864593 0.163789 0.878389 0.167995 0.894455
1 0.273325 0.903472 0.271891 0.919638 0.267689 0.934702 0.261004 0.947638 0.252293 0.957564 0.242147 0.963804 0.231260 0.965932 0.220373 0.963804 0.210228 0.957564 0.201516 0.947638 0.194832 0.934702 0.190629 0.919638 0.189196 0.903472 0.190629 0.887306 0.194832 0.872242 0.201516 0.859306 0.210228 0.849380 0.220373 0.843140 0.231260 0.841012 0.242147 0.843140 0.252293 0.849380 0.261004 0.859306 0.267689 0.872242 0.271891 0.887306
1 0.563457 0.421954 0.562026 0.438993 0.557829 0.454871 0.551153 0.468505 0.542453 0.478967 0.532322 0.485544 0.521449 0.487787 0.510577 0.485544 0.500446 0.478967 0.491746 0.468505 0.485070 0.454871 0.480873 0.438993 0.479442 0.421954 0.480873 0.404915 0.485070 0.389037 0.491746 0.375402 0.500446 0.364940 0.510577 0.358363 0.521449 0.356120 0.532322 0.358363 0.542453 0.364940 0.551153 0.375402 0.557829 0.389037 0.562026 0.404915
1 0.281115 0.361688 0.279616 0.378788 0.275221 0.394722 0.268228 0.408406 0.259116 0.418905 0.248504 0.425506 0.237116 0.427757 0.225728 0.425506 0.215116 0.418905 0.206003 0.408406 0.199011 0.394722 0.194615 0.378788 0.193116 0.361688 0.194615 0.344588 0.199011 0.328653 0.206003 0.314970 0.215116 0.304470 0.225728 0.297870 0.237116 0.295619 0.248504 0.297870 0.259116 0.304470 0.268228 0.314970 0.275221 0.328653 0.279616 0.344588
1 0.462272 0.485000 0.460814 0.502088 0.456541 0.518012 0.449743 0.531686 0.440884 0.542178 0.430567 0.548774 0.419496 0.551024 0.408424 0.548774 0.398108 0.542178 0.389248 0.531686 0.382450 0.518012 0.378177 0.502088 0.376720 0.485000 0.378177 0.467911 0.382450 0.451988 0.389248 0.438314 0.398108 0.427821 0.408424 0.421225 0.419496 0.418976 0.430567 0.421225 0.440884 0.427821 0.449743 0.438314 0.456541 0.451988 0.460814 0.467911
1 0.948597 0.870793 0.947168 0.886358 0.942976 0.900862 0.936309 0.913316 0.927620 0.922873 0.917501 0.928881 0.906642 0.930930 0.895784 0.928881 0.885665 0.922873 0.876976 0.913316 0.870308 0.900862 0.866117 0.886358 0.864687 0.870793 0.866117 0.855228 0.870308 0.840724 0.876976 0.828270 0.885665 0.818713 0.895784 0.812705 0.906642 0.810656 0.917501 0.812705 0.927620 0.818713 0.936309 0.828270 0.942976 0.840724 0.947168 0.855228
1 0.268359 0.641128 0.266936 0.657940 0.262765 0.673607 0.256130 0.687060 0.247483 0.697383 0.237413 0.703872 0.226607 0.706086 0.215801 0.703872 0.205731 0.697383 0.197084 0.687060 0.190449 0.673607 0.186278 0.657940 0.184855 0.641128 0.186278 0.624315 0.190449 0.608649 0.197084 0.595195 0.205731 0.584872 0.215801 0.578383 0.226607 0.576170 0.237413 0.578383 0.247483 0.584872 0.256130 0.595195 0.262765 0.608649 0.266936 0.624315
0 0.120061 0.067990 0.149621 0.040867 0.186976 0.043699 0.189997 0.075935 0.163992 0.107367 0.150160 0.108368
0 0.265982 0.007855 0.283016 0.015577 0.302740 0.107360 0.289771 0.145572 0.256056 0.143907 0.197267 0.121942 0.193939 0.084066 0.200789 0.035665 0.257925 0.007408
0 0.360082 0.127684 0.375454 0.133791 0.380660 0.170586 0.353434 0.204029 0.335602 0.198864 0.336695 0.174453 0.338964 0.159546
0 0.565423 0.241952 0.551850 0.321511 0.527569 0.322195 0.492848 0.276477 0.532396 0.234531
0 0.615304 0.307352 0.622618 0.368378 0.618001 0.375074 0.594983 0.390783 0.578500 0.367200 0.581531 0.349072 0.593355 0.314283
0 0.716791 0.315328 0.727255 0.374075 0.723938 0.433830 0.720892 0.446498 0.658202 0.467751 0.623336 0.366515 0.653431 0.341509
0 0.812132 0.486464 0.786167 0.461676 0.710177 0.378564 0.779319 0.304066 0.837153 0.388987
0 0.841518 0.524926 0.896899 0.518481 0.925255 0.460641 0.875430 0.379877 0.832154 0.396242 0.836544 0.500854
0 0.149755 0.212106 0.172929 0.249259 0.175541 0.265628 0.166676 0.276579 0.135967 0.271555 0.118605 0.270202 0.113817 0.210861 0.114471 0.206072 0.120372 0.204751
0 0.292881 0.252683 0.290251 0.258038 0.247113 0.289453 0.218053 0.262983 0.177186 0.217195 0.259538 0.148125
0 0.301796 0.231105 0.290987 0.272844 0.296290 0.326633 0.337725 0.342243 0.354295 0.306745 0.358401 0.282139 0.354872 0.263013 0.324252 0.231366
0 0.216936 0.290801 0.269908 0.325710 0.274222 0.377002 0.259217 0.405762 0.223433 0.412174 0.214917 0.407058 0.197322 0.373864 0.193807 0.353683 0.211092 0.297428
0 0.354569 0.423124 0.353972 0.443105 0.342343 0.453826 0.328701 0.464421 0.313526 0.456842 0.311189 0.439938 0.312078 0.403119 0.333930 0.396484 0.349468 0.406097
0 0.431246 0.444358 0.437823 0.473665 0.432469 0.507926 0.413269 0.536582 0.399068 0.506611 0.387032 0.465174
0 0.556403 0.357327 0.555938 0.367743 0.541834 0.463803 0.536521 0.472002 0.524055 0.485581 0.502168 0.472646 0.471902 0.384937
0 0.546096 0.541274 0.554084 0.577555 0.554113 0.598358 0.546701 0.623462 0.530397 0.641420 0.509468 0.636436 0.503006 0.628036 0.498601 0.559487 0.510358 0.547778
0 0.618809 0.444733 0.616096 0.539869 0.612862 0.547746 0.589903 0.574231 0.584806 0.574146 0.569781 0.554984 0.561499 0.533221 0.553617 0.508259 0.571075 0.463213 0.614751 0.438797
0 0.694018 0.509798 0.710094 0.560915 0.695578 0.580716 0.672663 0.576347 0.669864 0.543199 0.680558 0.518202
0 0.777496 0.467630 0.803464 0.518430 0.796397 0.566015 0.776630 0.602824 0.742190 0.605235 0.728659 0.576826 0.737480 0.496370
0 0.862384 0.559729 0.875469 0.589335 0.879369 0.630713 0.838547 0.633055 0.823656 0.605541 0.822522 0.579045 0.836508 0.544447 0.846321 0.547851
0 0.912162 0.579231 0.917594 0.579113 0.929668 0.584637 0.941641 0.597312 0.933322 0.623901 0.912210 0.644630 0.903953 0.634540 0.901726 0.620815 0.908758 0.591775
0 0.918895 0.712957 0.945751 0.728091 0.949116 0.751881 0.916515 0.781462 0.892627 0.736903 0.900221 0.712186
0 0.874919 0.660444 0.886323 0.696099 0.888201 0.741719 0.867558 0.786249 0.845378 0.827831 0.815954 0.803049 0.795638 0.773609 0.792560 0.761714 0.822293 0.663837
0 0.974423 0.915831 0.944788 0.805108 0.875305 0.839617 0.855236 0.907655 0.909721 0.966810
0 0.852557 0.847910 0.867735 0.883662 0.844870 0.927874 0.811913 0.907422 0.807131 0.874167 0.816860 0.863454
0 0.783101 0.767439 0.781391 0.822332 0.754538 0.829627 0.726697 0.811299 0.727074 0.803506 0.730935 0.793391 0.748785 0.756452
0 0.743670 0.903543 0.751518 0.944348 0.726387 0.982834 0.710869 0.929908 0.717119 0.900816 0.729991 0.892429
0 0.651421 0.798906 0.662866 0.802556 0.672414 0.811416 0.670419 0.815556 0.660285 0.817871 0.652634 0.809783 0.649593 0.803662
0 0.630454 0.866229 0.659961 0.879643 0.670553 0.903245 0.668494 0.916094 0.660979 0.938144 0.654156 0.949849 0.645600 0.955367 0.631757 0.950517 0.614652 0.928731
0 0.613232 0.892031 0.617657 0.979155 0.556644 0.983238 0.526571 0.936526 0.516123 0.917643 0.584296 0.811269
0 0.433763 0.861788 0.439049 0.872922 0.435896 0.920974 0.425827 0.924184 0.391143 0.909128 0.413910 0.877112 0.427881 0.864349
0 0.365425 0.876456 0.344142 0.811038 0.337424 0.806859 0.304097 0.806276 0.274935 0.910036 0.315538 0.930362 0.341526 0.910055
0 0.236231 0.989966 0.194024 0.959687 0.175609 0.890204 0.229939 0.859533 0.262940 0.891297 0.267467 0.920030
0 0.184479 0.869293 0.157308 0.954555 0.118075 1.000000 0.083872 0.996720 0.074267 0.983380 0.064141 0.923332 0.086393 0.858253 0.113090 0.829059 0.159865 0.840194
0 0.150287 0.839159 0.133586 0.848349 0.098349 0.838792 0.084021 0.774225 0.101409 0.743006 0.122646 0.734795 0.177380 0.749959 0.177354 0.756090 0.172279 0.792099
0 0.263857 0.713134 0.268084 0.760606 0.266101 0.798650 0.264433 0.804529 0.219458 0.825363 0.181881 0.797757 0.175042 0.752511 0.198041 0.722884 0.244881 0.705448 0.257197 0.703565
0 0.367548 0.669204 0.362738 0.747298 0.321983 0.767775 0.304606 0.752018 0.261200 0.679557 0.294362 0.659959
0 0.175761 0.595381 0.176423 0.603092 0.171284 0.646865 0.149643 0.692608 0.115745 0.675895 0.110789 0.670813 0.107075 0.662836 0.098049 0.614199 0.117758 0.591288
0 0.121455 0.388831 0.203103 0.403757 0.207659 0.458708 0.174351 0.556758 0.127906 0.521571 0.095912 0.481411
0 0.224921 0.416062 0.243003 0.428324 0.294068 0.470582 0.299670 0.508193 0.289819 0.549122 0.264687 0.584615 0.237309 0.594258 0.199434 0.571470 0.192306 0.522946 0.194725 0.480791
0 0.263142 0.604413 0.199515 0.583382 0.170185 0.657764 0.197718 0.715220 0.253084 0.675177
0 0.323542 0.493845 0.349361 0.554525 0.357489 0.576802 0.353931 0.599220 0.327138 0.641759 0.282541 0.637028 0.281173 0.580711
0 0.446016 0.656608 0.422440 0.686728 0.384589 0.679015 0.392219 0.640923 0.396202 0.617422 0.399079 0.611169 0.403456 0.605679 0.422046 0.610582 0.425733 0.611990 0.433548 0.620575
0 0.495203 0.681000 0.510933 0.693105 0.514056 0.709588 0.505782 0.754412 0.493864 0.748930 0.474495 0.720587 0.477942 0.699883
0 0.611079 0.764665 0.586442 0.802325 0.558052 0.774077 0.555469 0.752804 0.560991 0.743747 0.574837 0.728234 0.590556 0.724367
0 0.628250 0.628599 0.605251 0.686893 0.581777 0.694508 0.555292 0.647643 0.577187 0.598703 0.598924 0.592847 0.618375 0.604666
0 0.701372 0.631031 0.719578 0.700962 0.677965 0.728071 0.648859 0.691084 0.642503 0.672510 0.658537 0.631546 0.686200 0.627364 0.698337 0.629197
0 0.968674 0.438488 0.972377 0.461238 0.970371 0.466375 0.965945 0.466096 0.954785 0.457324 0.951699 0.446560
