1 0.619498 0.068297 0.617749 0.076878 0.612619 0.084873 0.604459 0.091739 0.593824 0.097008 0.581440 0.100320 0.568150 0.101449 0.554860 0.100320 0.542475 0.097008 0.531840 0.091739 0.523680 0.084873 0.518550 0.076878 0.516801 0.068297 0.518550 0.059717 0.523680 0.051721 0.531840 0.044855 0.542475 0.039586 0.554860 0.036275 0.568150 0.035145 0.581440 0.036275 0.593824 0.039586 0.604459 0.044855 0.612619 0.051721 0.617749 0.059717
1 0.562234 0.139674 0.560420 0.146941 0.555101 0.153714 0.546640 0.159529 0.535613 0.163992 0.522772 0.166797 0.508992 0.167754 0.495212 0.166797 0.482371 0.163992 0.471344 0.159529 0.462883 0.153714 0.457564 0.146941 0.455750 0.139674 0.457564 0.132406 0.462883 0.125634 0.471344 0.119819 0.482371 0.115356 0.495212 0.112551 0.508992 0.111594 0.522772 0.112551 0.535613 0.115356 0.546640 0.119819 0.555101 0.125634 0.560420 0.132406
1 0.429721 0.135688 0.428084 0.143519 0.423285 0.150815 0.415651 0.157081 0.405703 0.161889 0.394117 0.164911 0.381685 0.165942 0.369252 0.164911 0.357667 0.161889 0.347718 0.157081 0.340084 0.150815 0.335286 0.143519 0.333649 0.135688 0.335286 0.127858 0.340084 0.120562 0.347718 0.114296 0.357667 0.109488 0.369252 0.106466 0.381685 0.105435 0.394117 0.106466 0.405703 0.109488 0.415651 0.114296 0.423285 0.120562 0.428084 0.127858
1 0.313772 0.123732 0.312248 0.131843 0.307780 0.139402 0.300673 0.145893 0.291410 0.150874 0.280624 0.154005 0.269049 0.155072 0.257474 0.154005 0.246687 0.150874 0.237425 0.145893 0.230317 0.139402 0.225850 0.131843 0.224326 0.123732 0.225850 0.115620 0.230317 0.108062 0.237425 0.101571 0.246687 0.096590 0.257474 0.093459 0.269049 0.092391 0.280624 0.093459 0.291410 0.096590 0.300673 0.101571 0.307780 0.108062 0.312248 0.115620
0 0.565405 0.028587 0.537624 0.032899 0.530099 0.088225 0.559158 0.114022 0.624042 0.101268 0.640653 0.065145 0.608566 0.057717 0.609134 0.033913
0 0.427638 0.101268 0.472551 0.185797 0.544581 0.154384 0.555277 0.118225 0.510222 0.080652 0.462518 0.083949
0 0.405821 0.122717 0.362754 0.141051 0.375920 0.159536 0.407951 0.160000 0.430620 0.148804
0 0.262896 0.060833 0.207336 0.072717 0.183105 0.113370 0.192239 0.140000 0.228822 0.161957 0.304638 0.160978 0.346048 0.122681 0.347326 0.097681
0 0.148083 0.198370 0.177189 0.202246 0.146285 0.242971 0.094274 0.193478 0.140180 0.174167 0.167582 0.182210 0.137435 0.191159
0 0.276858 0.177572 0.264411 0.191978 0.270090 0.225000 0.314340 0.234710 0.344628 0.222210 0.346096 0.194891 0.316753 0.172101
0 0.454378 0.172899 0.396971 0.179239 0.370469 0.201703 0.410459 0.230761 0.482963 0.217029 0.458968 0.203732 0.477567 0.192899
0 0.551018 0.193949 0.520823 0.209239 0.531756 0.239746 0.586039 0.228659 0.578372 0.198949
0 0.074681 0.238732 0.037388 0.246594 0.013251 0.289783 0.020871 0.338297 0.154614 0.323261 0.152579 0.266848
0 0.176905 0.253514 0.149787 0.271159 0.166115 0.300725 0.211264 0.322246 0.280691 0.287464 0.280407 0.234022 0.220066 0.218659 0.174018 0.228152
0 0.357832 0.215362 0.301751 0.240725 0.310270 0.264855 0.282537 0.288877 0.362991 0.330942 0.421865 0.313043 0.439565 0.282971 0.420918 0.224130
0 0.470705 0.246232 0.459716 0.264536 0.441363 0.264493 0.432371 0.299312 0.475485 0.340000 0.515239 0.333370 0.548746 0.308551 0.534927 0.254638
0 0.259867 0.386993 0.208992 0.388116 0.206910 0.405181 0.220303 0.423877 0.252059 0.430145 0.271557 0.412464
0 0.357123 0.362935 0.332702 0.383261 0.348225 0.422355 0.402272 0.424565 0.448320 0.391051 0.396829 0.353768
0 0.464127 0.379239 0.449787 0.410543 0.457312 0.440000 0.535920 0.446268 0.573592 0.406739 0.549976 0.372355 0.497066 0.362428
0 0.087790 0.480217 0.064316 0.500725 0.068954 0.546884 0.122007 0.559167 0.169853 0.513116 0.160151 0.484964 0.132986 0.473152
0 0.203502 0.474275 0.172030 0.487428 0.226029 0.542246 0.297681 0.531775 0.321155 0.486051 0.277804 0.419022 0.188594 0.460254
0 0.413630 0.475833 0.438949 0.493080 0.419451 0.549239 0.358495 0.525145 0.369759 0.484783
0 0.477331 0.490942 0.474349 0.532174 0.496261 0.555942 0.604922 0.544710 0.629721 0.491920 0.611595 0.465942 0.585566 0.446486 0.542120 0.439457 0.508093 0.440254
0 0.751491 0.097609 0.729295 0.135906 0.750923 0.152174 0.814292 0.148333 0.841126 0.116377 0.813346 0.087391 0.783483 0.082246
0 0.632986 0.139275 0.702224 0.119674 0.752343 0.153152 0.746758 0.188261 0.664127 0.191812
0 0.780312 0.148080 0.775343 0.196993 0.799006 0.224638 0.868954 0.205833 0.888168 0.153696 0.836299 0.136667
0 0.741694 0.193297 0.682158 0.195254 0.650686 0.240072 0.688973 0.268297 0.740606 0.266449 0.773971 0.245870
0 0.812589 0.203188 0.770421 0.240906 0.817085 0.263043 0.812210 0.310217 0.877520 0.303696 0.924799 0.271304 0.887269 0.197174
0 0.728585 0.258043 0.692049 0.265580 0.675201 0.333877 0.701562 0.366812 0.793895 0.348442 0.828396 0.314130 0.768150 0.265471
0 0.884856 0.315543 0.841742 0.332790 0.843019 0.372500 0.904117 0.385725 0.940606 0.355072 0.924184 0.326123
0 0.743919 0.379928 0.804070 0.359638 0.862092 0.400217 0.841032 0.442971 0.788168 0.455616 0.749645 0.443297 0.735353 0.414094
0 0.873497 0.426739 0.863748 0.461123 0.931708 0.477862 0.968055 0.448152 0.954283 0.429058 0.928490 0.436377 0.927686 0.415580
0 0.817700 0.417862 0.720871 0.469783 0.729531 0.506739 0.772835 0.550217 0.822007 0.551630 0.901278 0.488949
0 0.880028 0.531522 0.902934 0.561196 0.936394 0.568587 0.969617 0.559167 0.960672 0.508804
0 0.103218 0.760761 0.035163 0.796341 0.024326 0.825435 0.031850 0.862428 0.067061 0.876196 0.144392 0.869674 0.184240 0.825000 0.146096 0.765290
0 0.282442 0.765254 0.237009 0.793804 0.250308 0.836014 0.315755 0.828554 0.329106 0.772681
0 0.054520 0.904674 0.131614 0.900290 0.154520 0.941920 0.101562 0.994239 0.051633 0.991304 0.028869 0.961268
0 0.285282 0.925362 0.269853 0.906558 0.234217 0.946812 0.285991 0.971051 0.326550 0.906486 0.304685 0.894819
0 0.404969 0.772862 0.443682 0.756014 0.486654 0.786993 0.449550 0.838261 0.388831 0.810616
0 0.420019 0.890362 0.384240 0.902971 0.372551 0.940543 0.411027 0.977971 0.463322 0.950254 0.466119 0.916703
0 0.547373 0.743188 0.488074 0.804058 0.545149 0.840580 0.621912 0.821848 0.625698 0.763986
0 0.601846 0.900254 0.548320 0.929348 0.571131 0.962609 0.626597 0.968406 0.641363 0.930254
0 0.724042 0.913587 0.684051 0.956449 0.708187 1.000000 0.787317 1.000000 0.814718 0.997174 0.823332 0.949638 0.782537 0.909529
0 0.695599 0.754457 0.665499 0.783877 0.689730 0.847500 0.788784 0.844674 0.800899 0.806775 0.783625 0.768007
1 0.192617 0.203442 0.190932 0.211647 0.185991 0.219293 0.178132 0.225859 0.167889 0.230898 0.155961 0.234065 0.143161 0.235145 0.130361 0.234065 0.118434 0.230898 0.108191 0.225859 0.100331 0.219293 0.095391 0.211647 0.093706 0.203442 0.095391 0.195237 0.100331 0.187591 0.108191 0.181025 0.118434 0.175987 0.130361 0.172819 0.143161 0.171739 0.155961 0.172819 0.167889 0.175987 0.178132 0.181025 0.185991 0.187591 0.190932 0.195237
1 0.355419 0.199094 0.353524 0.207393 0.347969 0.215127 0.339132 0.221768 0.327615 0.226863 0.314203 0.230067 0.299811 0.231159 0.285418 0.230067 0.272007 0.226863 0.260490 0.221768 0.251653 0.215127 0.246097 0.207393 0.244203 0.199094 0.246097 0.190795 0.251653 0.183062 0.260490 0.176421 0.272007 0.171325 0.285418 0.168122 0.299811 0.167029 0.314203 0.168122 0.327615 0.171325 0.339132 0.176421 0.347969 0.183062 0.353524 0.190795
1 0.484146 0.203080 0.482461 0.210535 0.477520 0.217482 0.469661 0.223447 0.459418 0.228025 0.447490 0.230903 0.434690 0.231884 0.421890 0.230903 0.409962 0.228025 0.399720 0.223447 0.391860 0.217482 0.386919 0.210535 0.385234 0.203080 0.386919 0.195625 0.391860 0.188678 0.399720 0.182712 0.409962 0.178134 0.421890 0.175257 0.434690 0.174275 0.447490 0.175257 0.459418 0.178134 0.469661 0.182712 0.477520 0.188678 0.482461 0.195625
1 0.613346 0.214312 0.611500 0.221579 0.606086 0.228351 0.597475 0.234167 0.586252 0.238629 0.573183 0.241435 0.559158 0.242391 0.545133 0.241435 0.532063 0.238629 0.520841 0.234167 0.512229 0.228351 0.506816 0.221579 0.504969 0.214312 0.506816 0.207044 0.512229 0.200272 0.520841 0.194456 0.532063 0.189994 0.545133 0.187189 0.559158 0.186232 0.573183 0.187189 0.586252 0.189994 0.597475 0.194456 0.606086 0.200272 0.611500 0.207044
1 0.144345 0.286775 0.142434 0.295637 0.136831 0.303895 0.127919 0.310986 0.116304 0.316427 0.102778 0.319848 0.088263 0.321014 0.073748 0.319848 0.060222 0.316427 0.048608 0.310986 0.039695 0.303895 0.034093 0.295637 0.032182 0.286775 0.034093 0.277914 0.039695 0.269656 0.048608 0.262565 0.060222 0.257123 0.073748 0.253703 0.088263 0.252536 0.102778 0.253703 0.116304 0.257123 0.127919 0.262565 0.136831 0.269656 0.142434 0.277914
1 0.268339 0.273007 0.266621 0.282244 0.261586 0.290851 0.253576 0.298243 0.243138 0.303914 0.230982 0.307480 0.217937 0.308696 0.204892 0.307480 0.192735 0.303914 0.182297 0.298243 0.174287 0.290851 0.169252 0.282244 0.167534 0.273007 0.169252 0.263770 0.174287 0.255163 0.182297 0.247772 0.192735 0.242100 0.204892 0.238535 0.217937 0.237319 0.230982 0.238535 0.243138 0.242100 0.253576 0.247772 0.261586 0.255163 0.266621 0.263770
1 0.417889 0.279167 0.415962 0.288404 0.410312 0.297011 0.401325 0.304402 0.389612 0.310074 0.375972 0.313639 0.361335 0.314855 0.346697 0.313639 0.333057 0.310074 0.321344 0.304402 0.312357 0.297011 0.306707 0.288404 0.304780 0.279167 0.306707 0.269930 0.312357 0.261322 0.321344 0.253931 0.333057 0.248260 0.346697 0.244694 0.361335 0.243478 0.375972 0.244694 0.389612 0.248260 0.401325 0.253931 0.410312 0.261322 0.415962 0.269930
1 0.546143 0.297283 0.544297 0.306332 0.538883 0.314764 0.530272 0.322006 0.519049 0.327562 0.505980 0.331055 0.491955 0.332246 0.477930 0.331055 0.464860 0.327562 0.453638 0.322006 0.445026 0.314764 0.439613 0.306332 0.437766 0.297283 0.439613 0.288233 0.445026 0.279801 0.453638 0.272559 0.464860 0.267003 0.477930 0.263510 0.491955 0.262319 0.505980 0.263510 0.519049 0.267003 0.530272 0.272559 0.538883 0.279801 0.544297 0.288233
1 0.297208 0.399819 0.295232 0.408774 0.289441 0.417120 0.280227 0.424286 0.268221 0.429785 0.254238 0.433241 0.239233 0.434420 0.224228 0.433241 0.210246 0.429785 0.198239 0.424286 0.189026 0.417120 0.183234 0.408774 0.181259 0.399819 0.183234 0.390863 0.189026 0.382518 0.198239 0.375352 0.210246 0.369853 0.224228 0.366396 0.239233 0.365217 0.254238 0.366396 0.268221 0.369853 0.280227 0.375352 0.289441 0.382518 0.295232 0.390863
1 0.442026 0.387862 0.440098 0.395693 0.434449 0.402989 0.425461 0.409255 0.413748 0.414063 0.400108 0.417085 0.385471 0.418116 0.370833 0.417085 0.357194 0.414063 0.345481 0.409255 0.336493 0.402989 0.330843 0.395693 0.328916 0.387862 0.330843 0.380032 0.336493 0.372736 0.345481 0.366470 0.357194 0.361662 0.370833 0.358640 0.385471 0.357609 0.400108 0.358640 0.413748 0.361662 0.425461 0.366470 0.434449 0.372736 0.440098 0.380032
1 0.572172 0.403080 0.570261 0.412504 0.564659 0.421286 0.555746 0.428828 0.544132 0.434614 0.530606 0.438252 0.516091 0.439493 0.501576 0.438252 0.488050 0.434614 0.476435 0.428828 0.467523 0.421286 0.461920 0.412504 0.460009 0.403080 0.461920 0.393655 0.467523 0.384873 0.476435 0.377332 0.488050 0.371545 0.501576 0.367907 0.516091 0.366667 0.530606 0.367907 0.544132 0.371545 0.555746 0.377332 0.564659 0.384873 0.570261 0.393655
1 0.181732 0.508152 0.179773 0.518514 0.174028 0.528170 0.164890 0.536462 0.152982 0.542825 0.139113 0.546824 0.124231 0.548188 0.109349 0.546824 0.095480 0.542825 0.083571 0.536462 0.074433 0.528170 0.068689 0.518514 0.066730 0.508152 0.068689 0.497790 0.074433 0.488134 0.083571 0.479842 0.095480 0.473480 0.109349 0.469480 0.124231 0.468116 0.139113 0.469480 0.152982 0.473480 0.164890 0.479842 0.174028 0.488134 0.179773 0.497790
1 0.323237 0.491123 0.321084 0.501767 0.314773 0.511685 0.304732 0.520202 0.291647 0.526737 0.276409 0.530845 0.260057 0.532246 0.243705 0.530845 0.228467 0.526737 0.215382 0.520202 0.205341 0.511685 0.199029 0.501767 0.196876 0.491123 0.199029 0.480480 0.205341 0.470562 0.215382 0.462045 0.228467 0.455509 0.243705 0.451401 0.260057 0.450000 0.276409 0.451401 0.291647 0.455509 0.304732 0.462045 0.314773 0.470562 0.321084 0.480480
1 0.476574 0.507065 0.474437 0.518365 0.468172 0.528895 0.458207 0.537937 0.445220 0.544875 0.430096 0.549237 0.413867 0.550725 0.397637 0.549237 0.382513 0.544875 0.369526 0.537937 0.359561 0.528895 0.353296 0.518365 0.351159 0.507065 0.353296 0.495765 0.359561 0.485236 0.369526 0.476193 0.382513 0.469255 0.397637 0.464893 0.413867 0.463406 0.430096 0.464893 0.445220 0.469255 0.458207 0.476193 0.468172 0.485236 0.474437 0.495765
1 0.606720 0.503804 0.604519 0.514260 0.598066 0.524004 0.587799 0.532370 0.574420 0.538791 0.558840 0.542826 0.542120 0.544203 0.525400 0.542826 0.509820 0.538791 0.496441 0.532370 0.486175 0.524004 0.479721 0.514260 0.477520 0.503804 0.479721 0.493348 0.486175 0.483605 0.496441 0.475238 0.509820 0.468818 0.525400 0.464782 0.542120 0.463406 0.558840 0.464782 0.574420 0.468818 0.587799 0.475238 0.598066 0.483605 0.604519 0.493348
1 0.838618 0.119022 0.836917 0.127321 0.831929 0.135054 0.823994 0.141695 0.813654 0.146791 0.801612 0.149994 0.788689 0.151087 0.775766 0.149994 0.763725 0.146791 0.753384 0.141695 0.745449 0.135054 0.740461 0.127321 0.738760 0.119022 0.740461 0.110723 0.745449 0.102989 0.753384 0.096348 0.763725 0.091252 0.775766 0.088049 0.788689 0.086957 0.801612 0.088049 0.813654 0.091252 0.823994 0.096348 0.831929 0.102989 0.836917 0.110723
1 0.753431 0.161413 0.751552 0.168587 0.746044 0.175272 0.737283 0.181012 0.725864 0.185417 0.712566 0.188186 0.698296 0.189130 0.684026 0.188186 0.670729 0.185417 0.659310 0.181012 0.650548 0.175272 0.645040 0.168587 0.643161 0.161413 0.645040 0.154239 0.650548 0.147554 0.659310 0.141814 0.670729 0.137409 0.684026 0.134640 0.698296 0.133696 0.712566 0.134640 0.725864 0.137409 0.737283 0.141814 0.746044 0.147554 0.751552 0.154239
1 0.876952 0.188587 0.875138 0.196042 0.869819 0.202989 0.861358 0.208955 0.850331 0.213532 0.837490 0.216410 0.823710 0.217391 0.809930 0.216410 0.797089 0.213532 0.786063 0.208955 0.777602 0.202989 0.772283 0.196042 0.770469 0.188587 0.772283 0.181132 0.777602 0.174185 0.786063 0.168219 0.797089 0.163642 0.809930 0.160764 0.823710 0.159783 0.837490 0.160764 0.850331 0.163642 0.861358 0.168219 0.869819 0.174185 0.875138 0.181132
1 0.763843 0.234964 0.761948 0.242794 0.756393 0.250091 0.747556 0.256356 0.736039 0.261164 0.722627 0.264187 0.708235 0.265217 0.693842 0.264187 0.680431 0.261164 0.668914 0.256356 0.660077 0.250091 0.654521 0.242794 0.652627 0.234964 0.654521 0.227134 0.660077 0.219837 0.668914 0.213571 0.680431 0.208763 0.693842 0.205741 0.708235 0.204710 0.722627 0.205741 0.736039 0.208763 0.747556 0.213571 0.756393 0.219837 0.761948 0.227134
1 0.895409 0.270833 0.893547 0.279601 0.888086 0.287772 0.879399 0.294788 0.868079 0.300172 0.854895 0.303556 0.840748 0.304710 0.826600 0.303556 0.813417 0.300172 0.802096 0.294788 0.793409 0.287772 0.787949 0.279601 0.786086 0.270833 0.787949 0.262065 0.793409 0.253895 0.802096 0.246879 0.813417 0.241495 0.826600 0.238111 0.840748 0.236957 0.854895 0.238111 0.868079 0.241495 0.879399 0.246879 0.888086 0.253895 0.893547 0.262065
1 0.792239 0.325906 0.790199 0.334861 0.784218 0.343207 0.774704 0.350373 0.762305 0.355872 0.747866 0.359328 0.732371 0.360507 0.716876 0.359328 0.702437 0.355872 0.690038 0.350373 0.680524 0.343207 0.674543 0.334861 0.672504 0.325906 0.674543 0.316950 0.680524 0.308605 0.690038 0.301439 0.702437 0.295940 0.716876 0.292483 0.732371 0.291304 0.747866 0.292483 0.762305 0.295940 0.774704 0.301439 0.784218 0.308605 0.790199 0.316950
1 0.958353 0.350181 0.956200 0.360168 0.949888 0.369475 0.939848 0.377466 0.926763 0.383598 0.911525 0.387453 0.895173 0.388768 0.878820 0.387453 0.863583 0.383598 0.850498 0.377466 0.840457 0.369475 0.834145 0.360168 0.831992 0.350181 0.834145 0.340194 0.840457 0.330888 0.850498 0.322896 0.863583 0.316764 0.878820 0.312909 0.895173 0.311594 0.911525 0.312909 0.926763 0.316764 0.939848 0.322896 0.949888 0.330888 0.956200 0.340194
1 0.840511 0.407790 0.838649 0.418996 0.833188 0.429438 0.824501 0.438406 0.813180 0.445286 0.799997 0.449612 0.785850 0.451087 0.771702 0.449612 0.758519 0.445286 0.747198 0.438406 0.738511 0.429438 0.733050 0.418996 0.731188 0.407790 0.733050 0.396584 0.738511 0.386141 0.747198 0.377174 0.758519 0.370293 0.771702 0.365968 0.785850 0.364493 0.799997 0.365968 0.813180 0.370293 0.824501 0.377174 0.833188 0.386141 0.838649 0.396584
1 0.986275 0.448370 0.984090 0.456106 0.977684 0.463315 0.967493 0.469506 0.954212 0.474256 0.938746 0.477242 0.922149 0.478261 0.905551 0.477242 0.890085 0.474256 0.876804 0.469506 0.866613 0.463315 0.860207 0.456106 0.858022 0.448370 0.860207 0.440633 0.866613 0.433424 0.876804 0.427233 0.890085 0.422483 0.905551 0.419497 0.922149 0.418478 0.938746 0.419497 0.954212 0.422483 0.967493 0.427233 0.977684 0.433424 0.984090 0.440633
1 0.858022 0.511413 0.856079 0.521494 0.850381 0.530888 0.841319 0.538954 0.829508 0.545144 0.815754 0.549035 0.800994 0.550362 0.786234 0.549035 0.772480 0.545144 0.760669 0.538954 0.751606 0.530888 0.745909 0.521494 0.743966 0.511413 0.745909 0.501332 0.751606 0.491938 0.760669 0.483872 0.772480 0.477682 0.786234 0.473791 0.800994 0.472464 0.815754 0.473791 0.829508 0.477682 0.841319 0.483872 0.850381 0.491938 0.856079 0.501332
1 0.986275 0.541486 0.983977 0.552973 0.977240 0.563678 0.966523 0.572870 0.952556 0.579923 0.936290 0.584357 0.918836 0.585870 0.901381 0.584357 0.885116 0.579923 0.871149 0.572870 0.860431 0.563678 0.853694 0.552973 0.851396 0.541486 0.853694 0.529998 0.860431 0.519293 0.871149 0.510101 0.885116 0.503048 0.901381 0.498614 0.918836 0.497101 0.936290 0.498614 0.952556 0.503048 0.966523 0.510101 0.977240 0.519293 0.983977 0.529998
1 0.178419 0.819022 0.175896 0.832385 0.168496 0.844837 0.156726 0.855530 0.141387 0.863735 0.123524 0.868893 0.104354 0.870652 0.085184 0.868893 0.067321 0.863735 0.051982 0.855530 0.040212 0.844837 0.032812 0.832385 0.030289 0.819022 0.032812 0.805659 0.040212 0.793207 0.051982 0.782514 0.067321 0.774308 0.085184 0.769151 0.104354 0.767391 0.123524 0.769151 0.141387 0.774308 0.156726 0.782514 0.168496 0.793207 0.175896 0.805659
1 0.340748 0.801268 0.338337 0.814631 0.331269 0.827083 0.320025 0.837776 0.305372 0.845981 0.288307 0.851139 0.269995 0.852899 0.251683 0.851139 0.234619 0.845981 0.219966 0.837776 0.208722 0.827083 0.201654 0.814631 0.199243 0.801268 0.201654 0.787905 0.208722 0.775453 0.219966 0.764760 0.234619 0.756555 0.251683 0.751397 0.269995 0.749638 0.288307 0.751397 0.305372 0.756555 0.320025 0.764760 0.331269 0.775453 0.338337 0.787905
1 0.500237 0.807065 0.497810 0.818740 0.490694 0.829620 0.479375 0.838962 0.464624 0.846131 0.447445 0.850637 0.429011 0.852174 0.410576 0.850637 0.393398 0.846131 0.378647 0.838962 0.367328 0.829620 0.360212 0.818740 0.357785 0.807065 0.360212 0.795390 0.367328 0.784511 0.378647 0.775169 0.393398 0.768000 0.410576 0.763494 0.429011 0.761957 0.447445 0.763494 0.464624 0.768000 0.479375 0.775169 0.490694 0.784511 0.497810 0.795390
1 0.629910 0.798370 0.627644 0.812670 0.621002 0.825996 0.610435 0.837440 0.596664 0.846221 0.580627 0.851740 0.563417 0.853623 0.546207 0.851740 0.530170 0.846221 0.516399 0.837440 0.505832 0.825996 0.499189 0.812670 0.496924 0.798370 0.499189 0.784069 0.505832 0.770743 0.516399 0.759299 0.530170 0.750519 0.546207 0.744999 0.563417 0.743116 0.580627 0.744999 0.596664 0.750519 0.610435 0.759299 0.621002 0.770743 0.627644 0.784069
1 0.161855 0.950181 0.159235 0.962981 0.151552 0.974909 0.139330 0.985152 0.123403 0.993012 0.104855 0.997952 0.084950 0.999638 0.065046 0.997952 0.046498 0.993012 0.030570 0.985152 0.018349 0.974909 0.010666 0.962981 0.008045 0.950181 0.010666 0.937381 0.018349 0.925453 0.030570 0.915210 0.046498 0.907351 0.065046 0.902410 0.084950 0.900725 0.104855 0.902410 0.123403 0.907351 0.139330 0.915210 0.151552 0.925453 0.159235 0.937381
1 0.346900 0.933152 0.344183 0.947734 0.336216 0.961322 0.323544 0.972991 0.307028 0.981945 0.287795 0.987573 0.267156 0.989493 0.246516 0.987573 0.227283 0.981945 0.210768 0.972991 0.198095 0.961322 0.190128 0.947734 0.187411 0.933152 0.190128 0.918570 0.198095 0.904982 0.210768 0.893313 0.227283 0.884360 0.246516 0.878731 0.267156 0.876812 0.287795 0.878731 0.307028 0.884360 0.323544 0.893313 0.336216 0.904982 0.344183 0.918570
1 0.507809 0.930616 0.505430 0.944635 0.498457 0.957699 0.487363 0.968918 0.472906 0.977526 0.456070 0.982937 0.438003 0.984783 0.419936 0.982937 0.403100 0.977526 0.388643 0.968918 0.377549 0.957699 0.370575 0.944635 0.368197 0.930616 0.370575 0.916597 0.377549 0.903533 0.388643 0.892314 0.403100 0.883706 0.419936 0.878295 0.438003 0.876449 0.456070 0.878295 0.472906 0.883706 0.487363 0.892314 0.498457 0.903533 0.505430 0.916597
1 0.677236 0.940036 0.674567 0.953118 0.666743 0.965308 0.654295 0.975776 0.638074 0.983808 0.619183 0.988857 0.598912 0.990580 0.578640 0.988857 0.559749 0.983808 0.543528 0.975776 0.531080 0.965308 0.523256 0.953118 0.520587 0.940036 0.523256 0.926955 0.531080 0.914764 0.543528 0.904297 0.559749 0.896264 0.578640 0.891215 0.598912 0.889493 0.619183 0.891215 0.638074 0.896264 0.654295 0.904297 0.666743 0.914764 0.674567 0.926955
1 0.838145 0.952536 0.835557 0.964821 0.827968 0.976268 0.815897 0.986098 0.800166 0.993641 0.781846 0.998383 0.762186 1.000000 0.742527 0.998383 0.724207 0.993641 0.708476 0.986098 0.696405 0.976268 0.688816 0.964821 0.686228 0.952536 0.688816 0.940252 0.696405 0.928804 0.708476 0.918974 0.724207 0.911431 0.742527 0.906690 0.762186 0.905072 0.781846 0.906690 0.800166 0.911431 0.815897 0.918974 0.827968 0.928804 0.835557 0.940252
1 0.815428 0.810326 0.812856 0.826784 0.805315 0.842120 0.793319 0.855289 0.777686 0.865394 0.759480 0.871746 0.739943 0.873913 0.720406 0.871746 0.702201 0.865394 0.686567 0.855289 0.674571 0.842120 0.667030 0.826784 0.664458 0.810326 0.667030 0.793869 0.674571 0.778533 0.686567 0.765363 0.702201 0.755258 0.720406 0.748906 0.739943 0.746739 0.759480 0.748906 0.777686 0.755258 0.793319 0.765363 0.805315 0.778533 0.812856 0.793869
1 0.498574 0.061256 0.496785 0.069659 0.491539 0.077490 0.483194 0.084214 0.472318 0.089374 0.459653 0.092617 0.446061 0.093724 0.432470 0.092617 0.419805 0.089374 0.408929 0.084214 0.400583 0.077490 0.395337 0.069659 0.393548 0.061256 0.395337 0.052853 0.400583 0.045022 0.408929 0.038298 0.419805 0.033138 0.432470 0.029894 0.446061 0.028788 0.459653 0.029894 0.472318 0.033138 0.483194 0.038298 0.491539 0.045022 0.496785 0.052853