1 0.292929 0.257481 0.290849 0.270370 0.284748 0.282381 0.275044 0.292694 0.262397 0.300608 0.247669 0.305583 0.231864 0.307280 0.216059 0.305583 0.201331 0.300608 0.188684 0.292694 0.178980 0.282381 0.172880 0.270370 0.170799 0.257481 0.172880 0.244592 0.178980 0.232582 0.188684 0.222268 0.201331 0.214354 0.216059 0.209379 0.231864 0.207682 0.247669 0.209379 0.262397 0.214354 0.275044 0.222268 0.284748 0.232582 0.290849 0.244592
1 0.449648 0.157436 0.447745 0.165586 0.442164 0.173180 0.433287 0.179701 0.421717 0.184705 0.408244 0.187851 0.393786 0.188924 0.379328 0.187851 0.365856 0.184705 0.354286 0.179701 0.345409 0.173180 0.339828 0.165586 0.337925 0.157436 0.339828 0.149287 0.345409 0.141693 0.354286 0.135171 0.365856 0.130168 0.379328 0.127022 0.393786 0.125949 0.408244 0.127022 0.421717 0.130168 0.433287 0.135171 0.442164 0.141693 0.447745 0.149287
1 0.437404 0.245422 0.435230 0.259583 0.428854 0.272778 0.418712 0.284109 0.405494 0.292804 0.390102 0.298270 0.373584 0.300134 0.357066 0.298270 0.341674 0.292804 0.328457 0.284109 0.318315 0.272778 0.311939 0.259583 0.309764 0.245422 0.311939 0.231262 0.318315 0.218066 0.328457 0.206735 0.341674 0.198040 0.357066 0.192574 0.373584 0.190710 0.390102 0.192574 0.405494 0.198040 0.418712 0.206735 0.428854 0.218066 0.435230 0.231262
1 0.306397 0.397722 0.304098 0.411305 0.297355 0.423962 0.286629 0.434830 0.272651 0.443170 0.256373 0.448413 0.238904 0.450201 0.221436 0.448413 0.205158 0.443170 0.191179 0.434830 0.180453 0.423962 0.173711 0.411305 0.171411 0.397722 0.173711 0.384140 0.180453 0.371483 0.191179 0.360614 0.205158 0.352274 0.221436 0.347032 0.238904 0.345243 0.256373 0.347032 0.272651 0.352274 0.286629 0.360614 0.297355 0.371483 0.304098 0.384140
1 0.254668 0.551809 0.251805 0.572558 0.243411 0.591894 0.230058 0.608497 0.212657 0.621238 0.192392 0.629247 0.170646 0.631979 0.148899 0.629247 0.128635 0.621238 0.111233 0.608497 0.097881 0.591894 0.089487 0.572558 0.086624 0.551809 0.089487 0.531059 0.097881 0.511724 0.111233 0.495120 0.128635 0.482380 0.148899 0.474371 0.170646 0.471639 0.192392 0.474371 0.212657 0.482380 0.230058 0.495120 0.243411 0.511724 0.251805 0.531059
1 0.175390 0.781376 0.172621 0.807905 0.164503 0.832626 0.151588 0.853855 0.134757 0.870144 0.115157 0.880384 0.094123 0.883877 0.073090 0.880384 0.053489 0.870144 0.036658 0.853855 0.023744 0.832626 0.015625 0.807905 0.012856 0.781376 0.015625 0.754846 0.023744 0.730125 0.036658 0.708896 0.053489 0.692607 0.073090 0.682367 0.094123 0.678874 0.115157 0.682367 0.134757 0.692607 0.151588 0.708896 0.164503 0.730125 0.172621 0.754846
1 0.451485 0.390576 0.449101 0.406471 0.442114 0.421282 0.430999 0.434001 0.416514 0.443760 0.399645 0.449895 0.381543 0.451987 0.363440 0.449895 0.346572 0.443760 0.332086 0.434001 0.320971 0.421282 0.313984 0.406471 0.311601 0.390576 0.313984 0.374682 0.320971 0.359870 0.332086 0.347152 0.346572 0.337392 0.363440 0.331257 0.381543 0.329165 0.399645 0.331257 0.416514 0.337392 0.430999 0.347152 0.442114 0.359870 0.449101 0.374682
1 0.454852 0.574140 0.452176 0.594081 0.444333 0.612662 0.431856 0.628618 0.415595 0.640862 0.396660 0.648558 0.376339 0.651184 0.356019 0.648558 0.337083 0.640862 0.320822 0.628618 0.308345 0.612662 0.300502 0.594081 0.297827 0.574140 0.300502 0.554200 0.308345 0.535619 0.320822 0.519662 0.337083 0.507419 0.356019 0.499722 0.376339 0.497097 0.396660 0.499722 0.415595 0.507419 0.431856 0.519662 0.444333 0.535619 0.452176 0.554200
1 0.384451 0.765744 0.381202 0.792735 0.371676 0.817887 0.356524 0.839486 0.336777 0.856059 0.313781 0.866478 0.289103 0.870031 0.264425 0.866478 0.241429 0.856059 0.221682 0.839486 0.206530 0.817887 0.197005 0.792735 0.193756 0.765744 0.197005 0.738752 0.206530 0.713600 0.221682 0.692001 0.241429 0.675428 0.264425 0.665010 0.289103 0.661456 0.313781 0.665010 0.336777 0.675428 0.356524 0.692001 0.371676 0.713600 0.381202 0.738752
1 0.572697 0.176641 0.570877 0.183751 0.565541 0.190375 0.557052 0.196064 0.545990 0.200429 0.533108 0.203173 0.519284 0.204109 0.505459 0.203173 0.492577 0.200429 0.481515 0.196064 0.473027 0.190375 0.467691 0.183751 0.465871 0.176641 0.467691 0.169532 0.473027 0.162908 0.481515 0.157219 0.492577 0.152854 0.505459 0.150110 0.519284 0.149174 0.533108 0.150110 0.545990 0.152854 0.557052 0.157219 0.565541 0.162908 0.570877 0.169532
1 0.678298 0.176641 0.676885 0.184675 0.672741 0.192162 0.666150 0.198590 0.657560 0.203523 0.647557 0.206624 0.636823 0.207682 0.626088 0.206624 0.616085 0.203523 0.607495 0.198590 0.600904 0.192162 0.596761 0.184675 0.595347 0.176641 0.596761 0.168607 0.600904 0.161121 0.607495 0.154692 0.616085 0.149759 0.626088 0.146658 0.636823 0.145601 0.647557 0.146658 0.657560 0.149759 0.666150 0.154692 0.672741 0.161121 0.676885 0.168607
1 0.577900 0.249888 0.575830 0.260234 0.569760 0.269875 0.560104 0.278154 0.547521 0.284506 0.532867 0.288499 0.517141 0.289862 0.501415 0.288499 0.486762 0.284506 0.474178 0.278154 0.464522 0.269875 0.458452 0.260234 0.456382 0.249888 0.458452 0.239543 0.464522 0.229902 0.474178 0.221623 0.486762 0.215271 0.501415 0.211277 0.517141 0.209915 0.532867 0.211277 0.547521 0.215271 0.560104 0.221623 0.569760 0.229902 0.575830 0.239543
1 0.714723 0.277133 0.712715 0.289559 0.706829 0.301139 0.697465 0.311083 0.685262 0.318713 0.671051 0.323509 0.655800 0.325145 0.640550 0.323509 0.626339 0.318713 0.614136 0.311083 0.604772 0.301139 0.598886 0.289559 0.596878 0.277133 0.598886 0.264706 0.604772 0.253126 0.614136 0.243183 0.626339 0.235553 0.640550 0.230756 0.655800 0.229120 0.671051 0.230756 0.685262 0.235553 0.697465 0.243183 0.706829 0.253126 0.712715 0.264706
1 0.581573 0.391916 0.579566 0.410354 0.573679 0.427535 0.564315 0.442288 0.552112 0.453609 0.537901 0.460726 0.522651 0.463153 0.507400 0.460726 0.493189 0.453609 0.480986 0.442288 0.471622 0.427535 0.465736 0.410354 0.463728 0.391916 0.465736 0.373478 0.471622 0.356297 0.480986 0.341544 0.493189 0.330223 0.507400 0.323106 0.522651 0.320679 0.537901 0.323106 0.552112 0.330223 0.564315 0.341544 0.573679 0.356297 0.579566 0.373478
1 0.754209 0.400402 0.751700 0.417106 0.744346 0.432671 0.732647 0.446037 0.717401 0.456293 0.699647 0.462741 0.680594 0.464940 0.661541 0.462741 0.643786 0.456293 0.628540 0.446037 0.616841 0.432671 0.609487 0.417106 0.606979 0.400402 0.609487 0.383698 0.616841 0.368133 0.628540 0.354767 0.643786 0.344511 0.661541 0.338063 0.680594 0.335864 0.699647 0.338063 0.717401 0.344511 0.732647 0.354767 0.744346 0.368133 0.751700 0.383698
1 0.620447 0.565208 0.617897 0.585726 0.610420 0.604846 0.598527 0.621265 0.583027 0.633863 0.564977 0.641783 0.545608 0.644484 0.526238 0.641783 0.508188 0.633863 0.492688 0.621265 0.480795 0.604846 0.473318 0.585726 0.470768 0.565208 0.473318 0.544689 0.480795 0.525569 0.492688 0.509151 0.508188 0.496552 0.526238 0.488632 0.545608 0.485931 0.564977 0.488632 0.583027 0.496552 0.598527 0.509151 0.610420 0.525569 0.617897 0.544689
1 0.569330 0.771103 0.566571 0.800985 0.558483 0.828830 0.545617 0.852741 0.528849 0.871089 0.509323 0.882623 0.488369 0.886556 0.467414 0.882623 0.447888 0.871089 0.431120 0.852741 0.418254 0.828830 0.410166 0.800985 0.407407 0.771103 0.410166 0.741222 0.418254 0.713377 0.431120 0.689465 0.447888 0.671118 0.467414 0.659584 0.488369 0.655650 0.509323 0.659584 0.528849 0.671118 0.545617 0.689465 0.558483 0.713377 0.566571 0.741222
1 0.793082 0.562528 0.790543 0.586514 0.783097 0.608866 0.771252 0.628059 0.755816 0.642787 0.737840 0.652045 0.718549 0.655203 0.699259 0.652045 0.681283 0.642787 0.665846 0.628059 0.654001 0.608866 0.646556 0.586514 0.644016 0.562528 0.646556 0.538542 0.654001 0.516190 0.665846 0.496997 0.681283 0.482269 0.699259 0.473010 0.718549 0.469853 0.737840 0.473010 0.755816 0.482269 0.771252 0.496997 0.783097 0.516190 0.790543 0.538542
1 0.770738 0.787628 0.767562 0.812424 0.758251 0.835529 0.743439 0.855370 0.724135 0.870595 0.701656 0.880166 0.677533 0.883430 0.653410 0.880166 0.630931 0.870595 0.611627 0.855370 0.596815 0.835529 0.587504 0.812424 0.584328 0.787628 0.587504 0.762833 0.596815 0.739728 0.611627 0.719886 0.630931 0.704662 0.653410 0.695091 0.677533 0.691827 0.701656 0.695091 0.724135 0.704662 0.743439 0.719886 0.758251 0.739728 0.767562 0.762833
1 0.965106 0.798794 0.962024 0.829254 0.952988 0.857637 0.938613 0.882011 0.919881 0.900714 0.898066 0.912471 0.874656 0.916481 0.851245 0.912471 0.829431 0.900714 0.810698 0.882011 0.796324 0.857637 0.787288 0.829254 0.784206 0.798794 0.787288 0.768335 0.796324 0.739951 0.810698 0.715577 0.829431 0.696875 0.851245 0.685118 0.874656 0.681108 0.898066 0.685118 0.919881 0.696875 0.938613 0.715577 0.952988 0.739951 0.962024 0.768335
1 0.311935 0.164251 0.310271 0.173300 0.305394 0.181732 0.297635 0.188973 0.287523 0.194529 0.275747 0.198021 0.263110 0.199213 0.250474 0.198021 0.238698 0.194529 0.228586 0.188973 0.220827 0.181732 0.215949 0.173300 0.214286 0.164251 0.215949 0.155203 0.220827 0.146771 0.228586 0.139530 0.238698 0.133974 0.250474 0.130482 0.263110 0.129290 0.275747 0.130482 0.287523 0.133974 0.297635 0.139530 0.305394 0.146771 0.310271 0.155203
0 0.357184 0.121005 0.374698 0.107517 0.392700 0.103260 0.412648 0.137334 0.411188 0.171411 0.395133 0.184189 0.373238 0.181349 0.363508 0.162890
0 0.509464 0.121715 0.528926 0.119589 0.545467 0.132367 0.549847 0.179929 0.535249 0.205485 0.513358 0.204064 0.495843 0.182769 0.497787 0.145855
0 0.622825 0.086932 0.609688 0.114618 0.601417 0.169281 0.603364 0.201934 0.644717 0.206905 0.668558 0.196257 0.684126 0.165020 0.679746 0.123135 0.658341 0.086222
0 0.217551 0.284993 0.233119 0.270085 0.244310 0.270085 0.273502 0.282863 0.258904 0.301322 0.231175 0.304163
0 0.321668 0.194127 0.350857 0.149402 0.377132 0.140174 0.396590 0.151532 0.420432 0.176378 0.436486 0.222523 0.418485 0.293515 0.369345 0.296351 0.326045 0.265118
0 0.480272 0.238142 0.494383 0.216842 0.511411 0.213296 0.536710 0.225364 0.548874 0.248790 0.558118 0.268665 0.523088 0.292095 0.489516 0.286414
0 0.621365 0.239562 0.678776 0.219683 0.706504 0.257307 0.700181 0.305583 0.645204 0.328298 0.606768 0.287124
0 0.236039 0.319071 0.197117 0.345337 0.175225 0.392188 0.204901 0.444011 0.283232 0.444721 0.289069 0.375150 0.276422 0.331849
0 0.354751 0.301322 0.323612 0.348883 0.327992 0.440460 0.376645 0.451822 0.428702 0.429102 0.456921 0.368053 0.408268 0.307003
0 0.447190 0.346047 0.436486 0.400000 0.465191 0.510741 0.491463 0.512872 0.597037 0.458919 0.630122 0.406387 0.630609 0.344627 0.563468 0.280027 0.503140 0.288544
0 0.688990 0.319781 0.741050 0.424846 0.718182 0.460339 0.682666 0.466731 0.637420 0.443301 0.617958 0.406387 0.652987 0.346757
0 0.113434 0.457499 0.164521 0.432653 0.232146 0.427682 0.256474 0.441170 0.290043 0.496543 0.232632 0.609419 0.183496 0.628584 0.135329 0.626458 0.076945 0.604448 0.093003 0.524940
0 0.295880 0.553336 0.324585 0.492287 0.353290 0.468857 0.389780 0.444721 0.430162 0.456079 0.478326 0.524230 0.414591 0.683247 0.298313 0.600192
0 0.512384 0.529201 0.561521 0.529911 0.583416 0.551206 0.552764 0.638526 0.510924 0.620067 0.503140 0.575342
0 0.706018 0.490866 0.747860 0.492287 0.780456 0.510741 0.761968 0.584573 0.710885 0.606579 0.697747 0.588830 0.698721 0.531331
0 0.089109 0.667628 0.111977 0.654850 0.192253 0.698866 0.196630 0.783345 0.136302 0.860724 0.079865 0.859303 0.066731 0.739330
0 0.206361 0.700996 0.168411 0.820969 0.294910 0.872791 0.342586 0.857173 0.377132 0.787602 0.375185 0.685377 0.305124 0.620777 0.271555 0.599482
0 0.437946 0.690348 0.484653 0.683957 0.526006 0.786186 0.502654 0.850076 0.437946 0.850786 0.432109 0.781925
0 0.617472 0.685377 0.647150 0.637816 0.710398 0.649884 0.734236 0.666918 0.789213 0.757079 0.735696 0.860724 0.673909 0.864274 0.601417 0.813162
0 0.879223 0.638526 0.795054 0.764176 0.816459 0.843685 0.881166 0.943073 0.932740 0.950880 0.995987 0.857173 1.000000 0.806418 1.000000 0.800456 0.974579 0.706677
0 0.248572 0.009608 0.282318 0.020417 0.331292 0.100283 0.321415 0.205970 0.304130 0.230590 0.246102 0.237796 0.227421 0.217115 0.195894 0.156129 0.199187 0.053444
