1 0.106224 0.305458 0.104513 0.333481 0.099498 0.359595 0.091519 0.382019 0.081120 0.399226 0.069011 0.410043 0.056017 0.413732 0.043022 0.410043 0.030913 0.399226 0.020515 0.382019 0.012536 0.359595 0.007520 0.333481 0.005809 0.305458 0.007520 0.277434 0.012536 0.251320 0.020515 0.228896 0.030913 0.211689 0.043022 0.200872 0.056017 0.197183 0.069011 0.200872 0.081120 0.211689 0.091519 0.228896 0.099498 0.251320 0.104513 0.277434
1 0.128907 0.575998 0.127423 0.605844 0.123070 0.633656 0.116146 0.657539 0.107123 0.675865 0.096615 0.687385 0.085339 0.691315 0.074063 0.687385 0.063555 0.675865 0.054531 0.657539 0.047607 0.633656 0.043255 0.605844 0.041770 0.575998 0.043255 0.546151 0.047607 0.518339 0.054531 0.494456 0.063555 0.476130 0.074063 0.464610 0.085339 0.460681 0.096615 0.464610 0.107123 0.476130 0.116146 0.494456 0.123070 0.518339 0.127423 0.546151
1 0.138036 0.818369 0.136551 0.848215 0.132199 0.876027 0.125275 0.899910 0.116252 0.918236 0.105744 0.929756 0.094467 0.933685 0.083191 0.929756 0.072683 0.918236 0.063660 0.899910 0.056736 0.876027 0.052384 0.848215 0.050899 0.818369 0.052384 0.788522 0.056736 0.760710 0.063660 0.736827 0.072683 0.718501 0.083191 0.706981 0.094467 0.703052 0.105744 0.706981 0.116252 0.718501 0.125275 0.736827 0.132199 0.760710 0.136551 0.788522
1 0.253942 0.818369 0.252052 0.848063 0.246511 0.875734 0.237697 0.899495 0.226210 0.917728 0.212834 0.929189 0.198479 0.933099 0.184124 0.929189 0.170747 0.917728 0.159260 0.899495 0.150446 0.875734 0.144905 0.848063 0.143015 0.818369 0.144905 0.788674 0.150446 0.761004 0.159260 0.737242 0.170747 0.719009 0.184124 0.707548 0.198479 0.703638 0.212834 0.707548 0.226210 0.719009 0.237697 0.737242 0.246511 0.761004 0.252052 0.788674
1 0.236515 0.540200 0.234775 0.571109 0.229677 0.599912 0.221566 0.624646 0.210996 0.643625 0.198687 0.655555 0.185477 0.659624 0.172268 0.655555 0.159959 0.643625 0.149388 0.624646 0.141278 0.599912 0.136179 0.571109 0.134440 0.540200 0.136179 0.509290 0.141278 0.480487 0.149388 0.455753 0.159959 0.436775 0.172268 0.424844 0.185477 0.420775 0.198687 0.424844 0.210996 0.436775 0.221566 0.455753 0.229677 0.480487 0.234775 0.509290
1 0.226833 0.259683 0.225084 0.293023 0.219958 0.324090 0.211803 0.350769 0.201176 0.371240 0.188800 0.384108 0.175519 0.388498 0.162238 0.384108 0.149862 0.371240 0.139234 0.350769 0.131079 0.324090 0.125953 0.293023 0.124205 0.259683 0.125953 0.226343 0.131079 0.195276 0.139234 0.168597 0.149862 0.148126 0.162238 0.135258 0.175519 0.130869 0.188800 0.135258 0.201176 0.148126 0.211803 0.168597 0.219958 0.195276 0.225084 0.226343
1 0.329461 0.139378 0.327637 0.169528 0.322289 0.197623 0.313783 0.221749 0.302697 0.240262 0.289787 0.251899 0.275934 0.255869 0.262080 0.251899 0.249170 0.240262 0.238084 0.221749 0.229578 0.197623 0.224231 0.169528 0.222407 0.139378 0.224231 0.109228 0.229578 0.081133 0.238084 0.057007 0.249170 0.038494 0.262080 0.026857 0.275934 0.022887 0.289787 0.026857 0.302697 0.038494 0.313783 0.057007 0.322289 0.081133 0.327637 0.109228
1 0.343015 0.414613 0.340927 0.452357 0.334806 0.487529 0.325069 0.517732 0.312379 0.540908 0.297601 0.555477 0.281743 0.560446 0.265884 0.555477 0.251107 0.540908 0.238417 0.517732 0.228679 0.487529 0.222558 0.452357 0.220470 0.414613 0.222558 0.376868 0.228679 0.341696 0.238417 0.311493 0.251106 0.288317 0.265884 0.273749 0.281743 0.268779 0.297601 0.273749 0.312379 0.288317 0.325069 0.311493 0.334806 0.341696 0.340927 0.376868
1 0.370124 0.755575 0.368338 0.793623 0.363101 0.829079 0.354771 0.859525 0.343914 0.882887 0.331271 0.897573 0.317704 0.902582 0.304137 0.897573 0.291494 0.882887 0.280637 0.859525 0.272307 0.829079 0.267070 0.793623 0.265284 0.755575 0.267070 0.717527 0.272307 0.682072 0.280637 0.651625 0.291494 0.628263 0.304137 0.613577 0.317704 0.608568 0.331271 0.613577 0.343914 0.628263 0.354771 0.651625 0.363101 0.682072 0.368338 0.717527
1 0.480498 0.537265 0.478401 0.567111 0.472252 0.594924 0.462471 0.618807 0.449723 0.637133 0.434879 0.648653 0.418949 0.652582 0.403019 0.648653 0.388174 0.637133 0.375427 0.618807 0.365646 0.594924 0.359497 0.567111 0.357400 0.537265 0.359497 0.507419 0.365646 0.479607 0.375427 0.455724 0.388174 0.437398 0.403019 0.425878 0.418949 0.421948 0.434879 0.425878 0.449723 0.437398 0.462471 0.455724 0.472252 0.479607 0.478401 0.507419
1 0.484647 0.827171 0.482965 0.861726 0.478032 0.893926 0.470185 0.921577 0.459959 0.942794 0.448050 0.956132 0.435270 0.960681 0.422490 0.956132 0.410581 0.942794 0.400354 0.921577 0.392507 0.893926 0.387575 0.861726 0.385892 0.827171 0.387575 0.792617 0.392507 0.760417 0.400354 0.732766 0.410581 0.711549 0.422490 0.698211 0.435270 0.693662 0.448050 0.698211 0.459959 0.711549 0.470185 0.732766 0.478032 0.760417 0.482965 0.792617
1 0.590595 0.267312 0.588441 0.302171 0.582126 0.334654 0.572081 0.362548 0.558990 0.383951 0.543746 0.397406 0.527386 0.401995 0.511026 0.397406 0.495781 0.383951 0.482690 0.362548 0.472645 0.334654 0.466331 0.302171 0.464177 0.267312 0.466331 0.232454 0.472645 0.199971 0.482690 0.172077 0.495781 0.150673 0.511026 0.137218 0.527386 0.132629 0.543746 0.137218 0.558990 0.150673 0.572081 0.172077 0.582126 0.199971 0.588441 0.232454
1 0.613001 0.550763 0.610970 0.586837 0.605015 0.620452 0.595541 0.649318 0.583195 0.671468 0.568818 0.685392 0.553389 0.690141 0.537960 0.685392 0.523582 0.671468 0.511236 0.649318 0.501763 0.620452 0.495807 0.586837 0.493776 0.550763 0.495807 0.514689 0.501763 0.481074 0.511236 0.452208 0.523582 0.430058 0.537960 0.416134 0.553389 0.411385 0.568818 0.416134 0.583195 0.430058 0.595541 0.452208 0.605015 0.481074 0.610970 0.514689
1 0.737759 0.300763 0.735455 0.341089 0.728698 0.378668 0.717950 0.410937 0.703942 0.435698 0.687630 0.451264 0.670124 0.456573 0.652619 0.451264 0.636307 0.435698 0.622299 0.410937 0.611551 0.378668 0.604794 0.341089 0.602490 0.300763 0.604794 0.260436 0.611551 0.222858 0.622299 0.190589 0.636307 0.165828 0.652619 0.150262 0.670124 0.144953 0.687630 0.150262 0.703942 0.165828 0.717950 0.190589 0.728698 0.222858 0.735455 0.260436
1 0.760443 0.608862 0.758251 0.646454 0.751826 0.681485 0.741605 0.711566 0.728285 0.734649 0.712773 0.749159 0.696127 0.754108 0.679481 0.749159 0.663970 0.734649 0.650649 0.711566 0.640429 0.681485 0.634003 0.646454 0.631812 0.608862 0.634003 0.571269 0.640429 0.536238 0.650649 0.506157 0.663970 0.483074 0.679481 0.468564 0.696127 0.463615 0.712773 0.468564 0.728285 0.483074 0.741605 0.506157 0.751826 0.536238 0.758251 0.571269
1 0.879945 0.419894 0.877565 0.460221 0.870587 0.497799 0.859487 0.530069 0.845021 0.554830 0.828175 0.570395 0.810097 0.575704 0.792019 0.570395 0.775173 0.554830 0.760707 0.530069 0.749607 0.497799 0.742629 0.460221 0.740249 0.419894 0.742629 0.379568 0.749607 0.341989 0.760707 0.309720 0.775173 0.284959 0.792019 0.269394 0.810097 0.264085 0.828175 0.269394 0.845021 0.284959 0.859487 0.309720 0.870587 0.341989 0.877565 0.379568
1 0.984786 0.584214 0.982801 0.618465 0.976984 0.650381 0.967731 0.677789 0.955671 0.698820 0.941627 0.712040 0.926556 0.716549 0.911485 0.712040 0.897441 0.698820 0.885381 0.677789 0.876128 0.650381 0.870311 0.618465 0.868326 0.584214 0.870311 0.549963 0.876128 0.518046 0.885381 0.490638 0.897441 0.469608 0.911485 0.456387 0.926556 0.451878 0.941627 0.456387 0.955671 0.469608 0.967731 0.490638 0.976984 0.518046 0.982801 0.549963
1 0.899585 0.853580 0.897639 0.889350 0.891932 0.922682 0.882854 0.951305 0.871024 0.973268 0.857247 0.987075 0.842462 0.991784 0.827677 0.987075 0.813900 0.973268 0.802070 0.951305 0.792992 0.922682 0.787285 0.889350 0.785339 0.853580 0.787285 0.817810 0.792992 0.784478 0.802070 0.755855 0.813900 0.733891 0.827677 0.720085 0.842462 0.715376 0.857247 0.720085 0.871024 0.733891 0.882854 0.755855 0.891932 0.784478 0.897639 0.817810
0 0.025422 0.223474 0.009654 0.254695 0.013776 0.326232 0.042794 0.368192 0.083956 0.345540 0.094495 0.232336
0 0.047828 0.549354 0.069378 0.603345 0.110512 0.642723 0.114689 0.549589 0.077676 0.500000
0 0.071701 0.819131 0.083596 0.849120 0.109793 0.882512 0.123790 0.851761 0.114412 0.786268 0.083707 0.737969
0 0.258893 0.776761 0.182711 0.677406 0.160692 0.700880 0.130650 0.764085 0.115519 0.907042 0.179723 1.000000 0.238451 0.984507 0.278672 0.932160
0 0.240249 0.615728 0.180498 0.661737 0.146833 0.538615 0.141328 0.466843 0.195546 0.430223 0.222656 0.468369
0 0.197566 0.194894 0.215491 0.313263 0.144343 0.322711 0.139419 0.232101 0.166003 0.194953
0 0.227054 0.070775 0.219889 0.120364 0.219723 0.154049 0.228797 0.215904 0.260692 0.242840 0.297012 0.208509 0.307828 0.157453 0.304647 0.057042 0.255242 0.044308
0 0.293555 0.273005 0.235712 0.296831 0.225256 0.389965 0.229931 0.524589 0.263734 0.555634 0.325864 0.540786 0.339557 0.474120 0.336515 0.381808 0.329488 0.336209
0 0.275159 0.719366 0.276598 0.775411 0.289627 0.820364 0.349737 0.827876 0.369433 0.785622 0.371010 0.690023 0.350124 0.628052 0.321383 0.617136 0.281936 0.668310
0 0.390097 0.821361 0.404730 0.859683 0.434053 0.887500 0.454550 0.848415 0.457593 0.776115 0.439419 0.715082
0 0.376763 0.488791 0.373942 0.557101 0.380858 0.590376 0.413472 0.626291 0.454965 0.575293 0.459419 0.456221 0.431397 0.428638 0.393804 0.441021
0 0.510346 0.152171 0.487745 0.252230 0.475491 0.343427 0.496515 0.383744 0.529710 0.399531 0.573361 0.361444 0.573638 0.233216 0.560609 0.184624
0 0.507109 0.465141 0.494910 0.550059 0.501881 0.609566 0.581383 0.638322 0.592669 0.538674 0.558838 0.415023 0.526639 0.414554
0 0.678285 0.154695 0.652476 0.174120 0.597925 0.268897 0.610014 0.421948 0.656127 0.475469 0.718672 0.463439 0.749848 0.372711 0.751535 0.284918 0.704564 0.166197
0 0.656127 0.479871 0.637206 0.523063 0.628326 0.651819 0.675519 0.741960 0.757925 0.678345 0.759004 0.570012 0.717151 0.454754 0.697621 0.450117
0 0.780055 0.287911 0.744564 0.376350 0.740000 0.435153 0.759198 0.520657 0.814053 0.560739 0.836708 0.546420 0.870539 0.463556 0.877538 0.382981 0.857317 0.301232 0.809627 0.270129
0 0.921494 0.545716 0.882102 0.531279 0.874053 0.624002 0.944066 0.619660
0 0.880194 0.840845 0.827192 0.758216 0.782932 0.817958 0.815712 0.973415 0.844260 0.989261 0.875297 0.969484 0.885975 0.911913