1 0.450287 0.097384 0.448392 0.111088 0.442837 0.123858 0.433999 0.134824 0.422482 0.143238 0.409071 0.148528 0.394678 0.150332 0.380286 0.148528 0.366874 0.143238 0.355357 0.134824 0.346520 0.123858 0.340964 0.111088 0.339069 0.097384 0.340964 0.083680 0.346520 0.070909 0.355357 0.059943 0.366874 0.051529 0.380286 0.046239 0.394678 0.044435 0.409071 0.046239 0.422482 0.051529 0.433999 0.059943 0.442837 0.070909 0.448392 0.083680
1 0.446781 0.227782 0.444278 0.246861 0.436940 0.264639 0.425267 0.279905 0.410054 0.291619 0.392338 0.298983 0.373327 0.301495 0.354316 0.298983 0.336600 0.291619 0.321387 0.279905 0.309714 0.264639 0.302375 0.246861 0.299873 0.227782 0.302375 0.208704 0.309714 0.190926 0.321387 0.175660 0.336600 0.163945 0.354316 0.156581 0.373327 0.154070 0.392338 0.156581 0.410054 0.163945 0.425267 0.175660 0.436940 0.190926 0.444278 0.208704
1 0.305927 0.418812 0.303403 0.440255 0.296001 0.460237 0.284226 0.477395 0.268881 0.490561 0.251012 0.498838 0.231836 0.501661 0.212659 0.498838 0.194790 0.490561 0.179445 0.477395 0.167670 0.460237 0.160268 0.440255 0.157744 0.418812 0.160268 0.397369 0.167670 0.377388 0.179445 0.360229 0.194790 0.347063 0.212659 0.338786 0.231836 0.335963 0.251012 0.338786 0.268881 0.347063 0.284226 0.360229 0.296001 0.377388 0.303403 0.397369
1 0.253027 0.600291 0.249949 0.625495 0.240924 0.648983 0.226566 0.669151 0.207855 0.684627 0.186066 0.694356 0.162683 0.697674 0.139300 0.694356 0.117511 0.684627 0.098800 0.669151 0.084443 0.648983 0.075417 0.625495 0.072339 0.600291 0.075417 0.575086 0.084443 0.551599 0.098800 0.531430 0.117511 0.515954 0.139300 0.506225 0.162683 0.502907 0.186066 0.506225 0.207855 0.515954 0.226566 0.531430 0.240924 0.551599 0.249949 0.575086
1 0.183875 0.840739 0.180981 0.869813 0.172497 0.896906 0.159001 0.920171 0.141412 0.938023 0.120929 0.949245 0.098948 0.953073 0.076968 0.949245 0.056485 0.938023 0.038896 0.920171 0.025400 0.896906 0.016915 0.869813 0.014022 0.840739 0.016915 0.811665 0.025400 0.784572 0.038896 0.761307 0.056485 0.743455 0.076968 0.732233 0.098948 0.728405 0.120929 0.732233 0.141412 0.743455 0.159001 0.761307 0.172497 0.784572 0.180981 0.811665
1 0.455386 0.409676 0.452796 0.431549 0.445203 0.451931 0.433125 0.469434 0.417384 0.482864 0.399053 0.491306 0.379382 0.494186 0.359711 0.491306 0.341380 0.482864 0.325639 0.469434 0.313561 0.451931 0.305968 0.431549 0.303378 0.409676 0.305968 0.387803 0.313561 0.367421 0.325639 0.349919 0.341380 0.336488 0.359711 0.328046 0.379382 0.325166 0.399053 0.328046 0.417384 0.336488 0.433125 0.349919 0.445203 0.367421 0.452796 0.387803
1 0.472594 0.617733 0.469526 0.642615 0.460533 0.665801 0.446226 0.685712 0.427581 0.700990 0.405869 0.710595 0.382569 0.713870 0.359268 0.710595 0.337556 0.700990 0.318911 0.685712 0.304604 0.665801 0.295611 0.642615 0.292543 0.617733 0.295611 0.592850 0.304604 0.569664 0.318911 0.549753 0.337556 0.534475 0.359268 0.524871 0.382569 0.521595 0.405869 0.524871 0.427581 0.534475 0.446226 0.549753 0.460533 0.569664 0.469526 0.592850
1 0.383684 0.836171 0.380529 0.869222 0.371281 0.900021 0.356569 0.926468 0.337396 0.946762 0.315069 0.959519 0.291109 0.963870 0.267149 0.959519 0.244822 0.946762 0.225649 0.926468 0.210937 0.900021 0.201689 0.869222 0.198534 0.836171 0.201689 0.803120 0.210937 0.772321 0.225649 0.745874 0.244822 0.725580 0.267149 0.712823 0.291109 0.708472 0.315069 0.712823 0.337396 0.725580 0.356569 0.745874 0.371281 0.772321 0.380529 0.803120
1 0.601338 0.111088 0.599129 0.126082 0.592650 0.140054 0.582344 0.152052 0.568913 0.161259 0.553273 0.167046 0.536488 0.169020 0.519704 0.167046 0.504063 0.161259 0.490632 0.152052 0.480326 0.140054 0.473848 0.126082 0.471638 0.111088 0.473848 0.096094 0.480326 0.082122 0.490632 0.070124 0.504063 0.060918 0.519704 0.055130 0.536488 0.053156 0.553273 0.055130 0.568913 0.060918 0.582344 0.070124 0.592650 0.082122 0.599129 0.096094
1 0.736138 0.104028 0.734113 0.119882 0.728175 0.134655 0.718730 0.147341 0.706421 0.157076 0.692087 0.163195 0.676705 0.165282 0.661323 0.163195 0.646989 0.157076 0.634680 0.147341 0.625235 0.134655 0.619297 0.119882 0.617272 0.104028 0.619297 0.088174 0.625235 0.073401 0.634680 0.060715 0.646989 0.050981 0.661323 0.044861 0.676705 0.042774 0.692087 0.044861 0.706421 0.050981 0.718730 0.060715 0.728175 0.073401 0.734113 0.088174
1 0.600064 0.227782 0.597648 0.242884 0.590564 0.256956 0.579296 0.269040 0.564611 0.278313 0.547510 0.284141 0.529159 0.286130 0.510807 0.284141 0.493706 0.278313 0.479021 0.269040 0.467753 0.256956 0.460670 0.242884 0.458254 0.227782 0.460670 0.212681 0.467753 0.198609 0.479021 0.186525 0.493706 0.177252 0.510807 0.171423 0.529159 0.169435 0.547510 0.171423 0.564611 0.177252 0.579296 0.186525 0.590564 0.198609 0.597648 0.212681
1 0.759720 0.242733 0.757434 0.259231 0.750732 0.274605 0.740072 0.287808 0.726179 0.297938 0.710000 0.304306 0.692639 0.306478 0.675277 0.304306 0.659098 0.297938 0.645205 0.287808 0.634545 0.274605 0.627843 0.259231 0.625558 0.242733 0.627843 0.226234 0.634545 0.210860 0.645205 0.197657 0.659098 0.187527 0.675277 0.181159 0.692639 0.178987 0.710000 0.181159 0.726179 0.187527 0.740072 0.197657 0.750732 0.210860 0.757434 0.226234
1 0.611217 0.403862 0.608693 0.427240 0.601291 0.449024 0.589516 0.467731 0.574171 0.482085 0.556302 0.491108 0.537126 0.494186 0.517949 0.491108 0.500080 0.482085 0.484735 0.467731 0.472960 0.449024 0.465558 0.427240 0.463034 0.403862 0.465558 0.380485 0.472960 0.358700 0.484735 0.339993 0.500080 0.325639 0.517949 0.316616 0.537126 0.313538 0.556302 0.316616 0.574171 0.325639 0.589516 0.339993 0.601291 0.358700 0.608693 0.380485
1 0.783301 0.408430 0.780723 0.431378 0.773162 0.452762 0.761134 0.471124 0.745459 0.485214 0.727205 0.494072 0.707616 0.497093 0.688028 0.494072 0.669774 0.485214 0.654099 0.471124 0.642071 0.452762 0.634510 0.431378 0.631931 0.408430 0.634510 0.385483 0.642071 0.364099 0.654099 0.345736 0.669774 0.331646 0.688028 0.322789 0.707616 0.319767 0.727205 0.322789 0.745459 0.331646 0.761134 0.345736 0.773162 0.364099 0.780723 0.385483
1 0.573295 0.838663 0.570456 0.871714 0.562131 0.902512 0.548887 0.928960 0.531628 0.949254 0.511530 0.962011 0.489962 0.966362 0.468394 0.962011 0.448295 0.949254 0.431036 0.928960 0.417793 0.902512 0.409468 0.871714 0.406628 0.838663 0.409468 0.805612 0.417793 0.774813 0.431036 0.748366 0.448295 0.728072 0.468394 0.715315 0.489962 0.710963 0.511530 0.715315 0.531628 0.728072 0.548887 0.748366 0.562131 0.774813 0.570456 0.805612
1 0.832377 0.603198 0.829364 0.629370 0.820530 0.653758 0.806476 0.674701 0.788161 0.690771 0.766833 0.700873 0.743945 0.704319 0.721057 0.700873 0.699729 0.690771 0.681414 0.674701 0.667361 0.653758 0.658526 0.629370 0.655513 0.603198 0.658526 0.577026 0.667361 0.552637 0.681414 0.531694 0.699729 0.515624 0.721057 0.505522 0.743945 0.502076 0.766833 0.505522 0.788161 0.515624 0.806476 0.531694 0.820530 0.552637 0.829364 0.577026
1 0.785532 0.846553 0.782052 0.876595 0.771849 0.904589 0.755618 0.928628 0.734465 0.947074 0.709832 0.958670 0.683397 0.962625 0.656963 0.958670 0.632330 0.947074 0.611177 0.928628 0.594945 0.904589 0.584742 0.876595 0.581262 0.846553 0.584742 0.816512 0.594945 0.788517 0.611177 0.764478 0.632330 0.746032 0.656963 0.734437 0.683397 0.730482 0.709832 0.734437 0.734465 0.746032 0.755618 0.764478 0.771849 0.788517 0.782052 0.816512
1 0.972594 0.845723 0.969570 0.877591 0.960704 0.907288 0.946600 0.932790 0.928219 0.952357 0.906814 0.964658 0.883843 0.968854 0.860873 0.964658 0.839468 0.952357 0.821087 0.932790 0.806983 0.907288 0.798117 0.877591 0.795092 0.845723 0.798117 0.813854 0.806983 0.784157 0.821087 0.758656 0.839468 0.739088 0.860873 0.726787 0.883843 0.722591 0.906814 0.726787 0.928219 0.739088 0.946600 0.758656 0.960704 0.784157 0.969570 0.813854
0 0.347578 0.098463 0.390312 0.039410 0.422371 0.067940 0.419853 0.118854 0.399681 0.144518 0.374187 0.139659
0 0.519981 0.081852 0.549140 0.071885 0.568005 0.094934 0.570714 0.126121 0.533779 0.167857 0.503920 0.103821
0 0.669120 0.015573 0.623391 0.047757 0.611568 0.097716 0.634831 0.146885 0.679095 0.161171 0.698885 0.153488 0.736361 0.119061 0.725335 0.056645 0.710548 0.026163
0 0.305704 0.173671 0.349171 0.117650 0.384640 0.111752 0.426737 0.133804 0.438974 0.210590 0.434895 0.265158 0.378362 0.290988 0.319535 0.258638
0 0.483429 0.210714 0.504366 0.194726 0.550637 0.185424 0.569761 0.222297 0.573996 0.267359 0.533206 0.290158 0.476099 0.261628
0 0.692192 0.200706 0.721319 0.210424 0.751625 0.251121 0.702741 0.301246 0.658955 0.307018 0.627852 0.223505
0 0.217081 0.344228 0.178298 0.390739 0.173582 0.443106 0.211440 0.486586 0.273072 0.481478 0.294933 0.434884 0.290950 0.385507
0 0.320650 0.342193 0.317686 0.418895 0.336520 0.476910 0.391555 0.488123 0.448311 0.447799 0.438113 0.365490 0.393212 0.319560
0 0.435883 0.415739 0.466922 0.529360 0.512906 0.573090 0.631166 0.509718 0.645188 0.434136 0.628968 0.369643 0.585214 0.319851 0.488878 0.308306
0 0.764659 0.380399 0.766890 0.462334 0.732728 0.488621 0.655035 0.473713 0.627151 0.389576 0.693690 0.323422
0 0.224557 0.498542 0.275143 0.588580 0.220172 0.696636 0.064085 0.672799 0.098470 0.556520 0.134608 0.487625
0 0.285660 0.601661 0.323327 0.536877 0.385309 0.512625 0.460293 0.556271 0.457839 0.682807 0.397737 0.719726 0.306469 0.698173
0 0.746208 0.545640 0.771001 0.558555 0.797706 0.593231 0.800064 0.647757 0.768897 0.656977 0.716316 0.649003 0.709401 0.577575
0 0.057712 0.794892 0.096845 0.737915 0.191236 0.744020 0.198343 0.851080 0.155035 0.903904 0.097323 0.920847 0.056437 0.867483
0 0.199490 0.727990 0.158987 0.872550 0.200542 0.953821 0.290854 0.957807 0.363289 0.896553 0.385692 0.789452 0.360134 0.725831 0.275112 0.699668
0 0.444589 0.775332 0.480497 0.765532 0.504366 0.816445 0.513352 0.885465 0.458700 0.901661 0.423231 0.861005
0 0.619216 0.733804 0.681294 0.728987 0.734194 0.749169 0.785277 0.855648 0.711982 0.938787 0.633843 0.951204 0.581485 0.845972
0 0.802486 0.802326 0.801944 0.869684 0.854302 0.985133 0.970650 0.987666 0.998821 0.868439 0.941045 0.771055 0.837667 0.736420