1 0.094108 0.222099 0.092696 0.240038 0.088554 0.256754 0.081966 0.271108 0.073380 0.282123 0.063382 0.289047 0.052653 0.291408 0.041923 0.289047 0.031925 0.282123 0.023339 0.271108 0.016751 0.256754 0.012610 0.240038 0.011197 0.222099 0.012610 0.204161 0.016751 0.187445 0.023339 0.173090 0.031925 0.162076 0.041923 0.155152 0.052653 0.152790 0.063382 0.155152 0.073380 0.162076 0.081966 0.173090 0.088554 0.187445 0.092696 0.204161
1 0.148494 0.075509 0.147081 0.092875 0.142940 0.109057 0.136352 0.122952 0.127766 0.133615 0.117768 0.140318 0.107038 0.142604 0.096309 0.140318 0.086310 0.133615 0.077725 0.122952 0.071137 0.109057 0.066995 0.092875 0.065583 0.075509 0.066995 0.058144 0.071137 0.041962 0.077725 0.028066 0.086310 0.017404 0.096309 0.010701 0.107038 0.008415 0.117768 0.010701 0.127766 0.017404 0.136352 0.028066 0.142940 0.041962 0.147081 0.058144
1 0.109571 0.408105 0.108067 0.425355 0.103660 0.441430 0.096648 0.455235 0.087510 0.465827 0.076869 0.472485 0.065449 0.474756 0.054030 0.472485 0.043388 0.465827 0.034251 0.455235 0.027239 0.441430 0.022831 0.425355 0.021328 0.408105 0.022831 0.390854 0.027239 0.374779 0.034251 0.360975 0.043388 0.350382 0.054030 0.343724 0.065449 0.341453 0.076869 0.343724 0.087510 0.350382 0.096648 0.360975 0.103660 0.374779 0.108067 0.390854
1 0.079179 0.873118 0.077848 0.892203 0.073946 0.909987 0.067740 0.925258 0.059651 0.936977 0.050231 0.944343 0.040123 0.946856 0.030014 0.944343 0.020595 0.936977 0.012506 0.925258 0.006299 0.909987 0.002397 0.892203 0.001066 0.873118 0.002397 0.854033 0.006299 0.836249 0.012506 0.820977 0.020595 0.809259 0.030014 0.801893 0.040123 0.799380 0.050231 0.801893 0.059651 0.809259 0.067740 0.820977 0.073946 0.836249 0.077848 0.854033
1 0.177819 0.885075 0.176443 0.903931 0.172408 0.921501 0.165990 0.936589 0.157625 0.948167 0.147884 0.955445 0.137430 0.957927 0.126977 0.955445 0.117235 0.948167 0.108871 0.936589 0.102452 0.921501 0.098417 0.903931 0.097041 0.885075 0.098417 0.866220 0.102452 0.848649 0.108871 0.833561 0.117235 0.821984 0.126977 0.814706 0.137430 0.812223 0.147884 0.814706 0.157625 0.821984 0.165990 0.833561 0.172408 0.848649 0.176443 0.866220
1 0.174887 0.687998 0.173447 0.707198 0.169226 0.725089 0.162510 0.740452 0.153759 0.752241 0.143568 0.759651 0.132631 0.762179 0.121695 0.759651 0.111504 0.752241 0.102752 0.740452 0.096037 0.725089 0.091816 0.707198 0.090376 0.687998 0.091816 0.668799 0.096037 0.650908 0.102752 0.635545 0.111504 0.623756 0.121695 0.616345 0.132631 0.613818 0.143568 0.616345 0.153759 0.623756 0.162510 0.635545 0.169226 0.650908 0.173447 0.668799
1 0.185284 0.533880 0.183835 0.552620 0.179587 0.570084 0.172830 0.585081 0.164023 0.596588 0.153767 0.603821 0.142762 0.606289 0.131756 0.603821 0.121501 0.596588 0.112694 0.585081 0.105937 0.570084 0.101689 0.552620 0.100240 0.533880 0.101689 0.515139 0.105937 0.497675 0.112694 0.482678 0.121501 0.471171 0.131756 0.463938 0.142762 0.461470 0.153767 0.463938 0.164023 0.471171 0.172830 0.482678 0.179587 0.497675 0.183835 0.515139
1 0.212210 0.384190 0.210816 0.402243 0.206728 0.419066 0.200224 0.433512 0.191749 0.444597 0.181879 0.451565 0.171288 0.453942 0.160696 0.451565 0.150826 0.444597 0.142351 0.433512 0.135848 0.419066 0.131760 0.402243 0.130365 0.384190 0.131760 0.366136 0.135848 0.349314 0.142351 0.334867 0.150826 0.323783 0.160696 0.316814 0.171288 0.314438 0.181879 0.316814 0.191749 0.323783 0.200224 0.334867 0.206728 0.349314 0.210816 0.366136
1 0.203946 0.248671 0.202597 0.266725 0.198642 0.283547 0.192350 0.297993 0.184151 0.309078 0.174603 0.316047 0.164356 0.318423 0.154110 0.316047 0.144561 0.309078 0.136362 0.297993 0.130071 0.283547 0.126116 0.266725 0.124767 0.248671 0.126116 0.230618 0.130071 0.213795 0.136362 0.199349 0.144561 0.188264 0.154110 0.181296 0.164356 0.178919 0.174603 0.181296 0.184151 0.188264 0.192350 0.199349 0.198642 0.213795 0.202597 0.230618
1 0.233005 0.102967 0.231628 0.121020 0.227593 0.137843 0.221175 0.152289 0.212810 0.163374 0.203069 0.170342 0.192615 0.172719 0.182162 0.170342 0.172421 0.163374 0.164056 0.152289 0.157637 0.137843 0.153602 0.121020 0.152226 0.102967 0.153602 0.084914 0.157637 0.068091 0.164056 0.053645 0.172421 0.042560 0.182162 0.035592 0.192615 0.033215 0.203069 0.035592 0.212810 0.042560 0.221175 0.053645 0.227593 0.068091 0.231628 0.084914
1 0.330312 0.186670 0.328836 0.204608 0.324508 0.221324 0.317623 0.235679 0.308651 0.246693 0.298203 0.253617 0.286990 0.255979 0.275778 0.253617 0.265329 0.246693 0.256357 0.235679 0.249472 0.221324 0.245145 0.204608 0.243668 0.186670 0.245145 0.168731 0.249472 0.152015 0.256357 0.137661 0.265329 0.126646 0.275778 0.119722 0.286990 0.117361 0.298203 0.119722 0.308651 0.126646 0.317623 0.137661 0.324508 0.152015 0.328836 0.168731
1 0.318315 0.359832 0.316893 0.378343 0.312725 0.395593 0.306095 0.410406 0.297454 0.421773 0.287391 0.428918 0.276593 0.431355 0.265794 0.428918 0.255732 0.421773 0.247091 0.410406 0.240460 0.395593 0.236292 0.378343 0.234871 0.359832 0.236292 0.341320 0.240460 0.324070 0.247091 0.309257 0.255732 0.297891 0.265794 0.290745 0.276593 0.288308 0.287391 0.290745 0.297454 0.297891 0.306095 0.309257 0.312725 0.324070 0.316893 0.341320
1 0.284991 0.496236 0.283569 0.515206 0.279401 0.532883 0.272771 0.548063 0.264130 0.559711 0.254067 0.567033 0.243268 0.569531 0.232470 0.567033 0.222407 0.559711 0.213766 0.548063 0.207136 0.532883 0.202968 0.515206 0.201546 0.496236 0.202968 0.477265 0.207136 0.459588 0.213766 0.444408 0.222407 0.432760 0.232470 0.425438 0.243268 0.422941 0.254067 0.425438 0.264130 0.432760 0.272771 0.444408 0.279401 0.459588 0.283569 0.477265
1 0.271128 0.679584 0.269751 0.697408 0.265717 0.714017 0.259298 0.728279 0.250933 0.739224 0.241192 0.746103 0.230738 0.748450 0.220285 0.746103 0.210544 0.739224 0.202179 0.728279 0.195760 0.714017 0.191725 0.697408 0.190349 0.679584 0.191725 0.661760 0.195760 0.645151 0.202179 0.630888 0.210544 0.619944 0.220285 0.613064 0.230738 0.610717 0.241192 0.613064 0.250933 0.619944 0.259298 0.630888 0.265717 0.645151 0.269751 0.661760
1 0.280992 0.875775 0.279507 0.894745 0.275152 0.912422 0.268225 0.927602 0.259198 0.939250 0.248685 0.946573 0.237403 0.949070 0.226122 0.946573 0.215609 0.939250 0.206582 0.927602 0.199655 0.912422 0.195300 0.894745 0.193815 0.875775 0.195300 0.856805 0.199655 0.839128 0.206582 0.823948 0.215609 0.812300 0.226122 0.804978 0.237403 0.802480 0.248685 0.804978 0.259198 0.812300 0.268225 0.823948 0.275152 0.839128 0.279507 0.856805
1 0.408158 0.242471 0.406682 0.260410 0.402354 0.277126 0.395469 0.291480 0.386497 0.302495 0.376049 0.309419 0.364836 0.311780 0.353624 0.309419 0.343175 0.302495 0.334203 0.291480 0.327318 0.277126 0.322990 0.260410 0.321514 0.242471 0.322990 0.224533 0.327318 0.207817 0.334203 0.193462 0.343175 0.182448 0.353624 0.175524 0.364836 0.173162 0.376049 0.175524 0.386497 0.182448 0.395469 0.193462 0.402354 0.207817 0.406682 0.224533
1 0.409224 0.405890 0.407757 0.424631 0.403456 0.442095 0.396614 0.457091 0.387697 0.468598 0.377313 0.475832 0.366169 0.478299 0.355026 0.475832 0.344641 0.468598 0.335724 0.457091 0.328882 0.442095 0.324581 0.424631 0.323114 0.405890 0.324581 0.387149 0.328882 0.369686 0.335724 0.354689 0.344641 0.343182 0.355026 0.335948 0.366169 0.333481 0.377313 0.335948 0.387697 0.343182 0.396614 0.354689 0.403456 0.369686 0.407757 0.387149
1 0.392429 0.569309 0.390907 0.587706 0.386446 0.604849 0.379350 0.619571 0.370101 0.630867 0.359331 0.637968 0.347774 0.640390 0.336216 0.637968 0.325447 0.630867 0.316198 0.619571 0.309102 0.604849 0.304641 0.587706 0.303119 0.569309 0.304641 0.550912 0.309102 0.533769 0.316198 0.519048 0.325447 0.507752 0.336216 0.500651 0.347774 0.498229 0.359331 0.500651 0.370101 0.507752 0.379350 0.519048 0.386446 0.533769 0.390907 0.550912
1 0.367635 0.724756 0.366177 0.743497 0.361903 0.760961 0.355103 0.775957 0.346241 0.787465 0.335921 0.794698 0.324847 0.797166 0.313772 0.794698 0.303452 0.787465 0.294591 0.775957 0.287791 0.760961 0.283516 0.743497 0.282058 0.724756 0.283516 0.706016 0.287791 0.688552 0.294591 0.673555 0.303452 0.662048 0.313772 0.654814 0.324847 0.652347 0.335921 0.654814 0.346241 0.662048 0.355103 0.673555 0.361903 0.688552 0.366177 0.706016
1 0.371901 0.894376 0.370397 0.913690 0.365990 0.931687 0.358978 0.947142 0.349840 0.959001 0.339199 0.966456 0.327779 0.968999 0.316360 0.966456 0.305718 0.959001 0.296581 0.947142 0.289569 0.931687 0.285161 0.913690 0.283658 0.894376 0.285161 0.875062 0.289569 0.857064 0.296581 0.841609 0.305718 0.829750 0.316360 0.822295 0.327779 0.819752 0.339199 0.822295 0.349840 0.829750 0.358978 0.841609 0.365990 0.857064 0.370397 0.875062
1 0.462010 0.736271 0.460516 0.755356 0.456135 0.773140 0.449165 0.788412 0.440083 0.800130 0.429506 0.807496 0.418155 0.810009 0.406805 0.807496 0.396228 0.800130 0.387145 0.788412 0.380176 0.773140 0.375795 0.755356 0.374300 0.736271 0.375795 0.717186 0.380176 0.699402 0.387145 0.684131 0.396228 0.672412 0.406805 0.665046 0.418155 0.662533 0.429506 0.665046 0.440083 0.672412 0.449165 0.684131 0.456135 0.699402 0.460516 0.717186
1 0.486004 0.512179 0.484519 0.530691 0.480164 0.547941 0.473237 0.562754 0.464210 0.574120 0.453697 0.581265 0.442415 0.583702 0.431134 0.581265 0.420621 0.574120 0.411594 0.562754 0.404667 0.547941 0.400312 0.530691 0.398827 0.512179 0.400312 0.493667 0.404667 0.476417 0.411594 0.461604 0.420621 0.450238 0.431134 0.443093 0.442415 0.440655 0.453697 0.443093 0.464210 0.450238 0.473237 0.461604 0.480164 0.476417 0.484519 0.493667
1 0.487870 0.319531 0.486366 0.338042 0.481959 0.355292 0.474947 0.370105 0.465809 0.381472 0.455168 0.388617 0.443748 0.391054 0.432329 0.388617 0.421688 0.381472 0.412550 0.370105 0.405538 0.355292 0.401130 0.338042 0.399627 0.319531 0.401130 0.301019 0.405538 0.283769 0.412550 0.268956 0.421688 0.257589 0.432329 0.250444 0.443748 0.248007 0.455168 0.250444 0.465809 0.257589 0.474947 0.268956 0.481959 0.283769 0.486366 0.301019
1 0.572647 0.401904 0.571171 0.420531 0.566843 0.437888 0.559959 0.452792 0.550986 0.464229 0.540538 0.471418 0.529326 0.473871 0.518113 0.471418 0.507665 0.464229 0.498692 0.452792 0.491808 0.437888 0.487480 0.420531 0.486004 0.401904 0.487480 0.383278 0.491808 0.365921 0.498692 0.351016 0.507665 0.339580 0.518113 0.332390 0.529326 0.329938 0.540538 0.332390 0.550986 0.339580 0.559959 0.351016 0.566843 0.365921 0.571171 0.383278
1 0.572114 0.557795 0.570611 0.576650 0.566203 0.594221 0.559191 0.609309 0.550053 0.620886 0.539412 0.628164 0.527993 0.630647 0.516573 0.628164 0.505932 0.620886 0.496794 0.609309 0.489782 0.594221 0.485374 0.576650 0.483871 0.557795 0.485374 0.538939 0.489782 0.521368 0.496794 0.506280 0.505932 0.494703 0.516573 0.487425 0.527993 0.484942 0.539412 0.487425 0.550053 0.494703 0.559191 0.506280 0.566203 0.521368 0.570611 0.538939
1 0.571314 0.742028 0.569775 0.761572 0.565260 0.779783 0.558079 0.795421 0.548720 0.807421 0.537822 0.814965 0.526126 0.817538 0.514431 0.814965 0.503532 0.807421 0.494174 0.795421 0.486992 0.779783 0.482478 0.761572 0.480938 0.742028 0.482478 0.722485 0.486992 0.704274 0.494174 0.688635 0.503532 0.676635 0.514431 0.669092 0.526126 0.666519 0.537822 0.669092 0.548720 0.676635 0.558079 0.688635 0.565260 0.704274 0.569775 0.722485
1 0.568915 0.920726 0.567357 0.941244 0.562789 0.960363 0.555524 0.976781 0.546054 0.989379 0.535027 0.997299 0.523194 1.000000 0.511360 0.997299 0.500333 0.989379 0.490864 0.976781 0.483598 0.960363 0.479031 0.941244 0.477473 0.920726 0.479031 0.900209 0.483598 0.881089 0.490864 0.864671 0.500333 0.852073 0.511360 0.844154 0.523194 0.841453 0.535027 0.844154 0.546054 0.852073 0.555524 0.864671 0.562789 0.881089 0.567357 0.900209
1 0.659557 0.479849 0.658099 0.498705 0.653825 0.516275 0.647025 0.531364 0.638163 0.542941 0.627843 0.550219 0.616769 0.552701 0.605694 0.550219 0.595375 0.542941 0.586513 0.531364 0.579713 0.516275 0.575438 0.498705 0.573980 0.479849 0.575438 0.460994 0.579713 0.443423 0.586513 0.428335 0.595375 0.416758 0.605694 0.409480 0.616769 0.406997 0.627843 0.409480 0.638163 0.416758 0.647025 0.428335 0.653825 0.443423 0.658099 0.460994
1 0.756598 0.571523 0.755040 0.590952 0.750473 0.609057 0.743207 0.624603 0.733738 0.636533 0.722711 0.644032 0.710877 0.646590 0.699044 0.644032 0.688017 0.636533 0.678547 0.624603 0.671281 0.609057 0.666714 0.590952 0.665156 0.571523 0.666714 0.552095 0.671281 0.533990 0.678547 0.518443 0.688017 0.506514 0.699044 0.499015 0.710877 0.496457 0.722711 0.499015 0.733738 0.506514 0.743207 0.518443 0.750473 0.533990 0.755040 0.552095
1 0.678752 0.700841 0.677131 0.720499 0.672377 0.738818 0.664814 0.754548 0.654959 0.766618 0.643482 0.774206 0.631165 0.776794 0.618849 0.774206 0.607371 0.766618 0.597516 0.754548 0.589953 0.738818 0.585199 0.720499 0.583578 0.700841 0.585199 0.681184 0.589953 0.662865 0.597516 0.647135 0.607371 0.635065 0.618849 0.627477 0.631165 0.624889 0.643482 0.627477 0.654959 0.635065 0.664814 0.647135 0.672377 0.662865 0.677131 0.681184
1 0.665156 0.885961 0.663634 0.905848 0.659173 0.924380 0.652077 0.940294 0.642829 0.952505 0.632059 0.960181 0.620501 0.962799 0.608944 0.960181 0.598174 0.952505 0.588926 0.940294 0.581829 0.924380 0.577368 0.905848 0.575846 0.885961 0.577368 0.866074 0.581829 0.847542 0.588926 0.831628 0.598174 0.819417 0.608944 0.811741 0.620501 0.809123 0.632059 0.811741 0.642829 0.819417 0.652077 0.831628 0.659173 0.847542 0.663634 0.866074
1 0.774194 0.730514 0.772599 0.750630 0.767925 0.769376 0.760490 0.785473 0.750800 0.797824 0.739516 0.805589 0.727406 0.808237 0.715297 0.805589 0.704012 0.797824 0.694322 0.785473 0.686887 0.769376 0.682213 0.750630 0.680619 0.730514 0.682213 0.710397 0.686887 0.691652 0.694322 0.675555 0.704012 0.663203 0.715297 0.655438 0.727406 0.652790 0.739516 0.655438 0.750800 0.663203 0.760490 0.675555 0.767925 0.691652 0.772599 0.710397
1 0.770461 0.894818 0.768903 0.914820 0.764336 0.933459 0.757070 0.949464 0.747601 0.961746 0.736574 0.969466 0.724740 0.972099 0.712907 0.969466 0.701879 0.961746 0.692410 0.949464 0.685144 0.933459 0.680577 0.914820 0.679019 0.894818 0.680577 0.874817 0.685144 0.856178 0.692410 0.840173 0.701879 0.827891 0.712907 0.820171 0.724740 0.817538 0.736574 0.820171 0.747601 0.827891 0.757070 0.840173 0.764336 0.856178 0.768903 0.874817
1 0.868302 0.878875 0.866662 0.900023 0.861855 0.919730 0.854208 0.936652 0.844242 0.949638 0.832636 0.957800 0.820181 0.960585 0.807727 0.957800 0.796121 0.949638 0.786155 0.936652 0.778508 0.919730 0.773700 0.900023 0.772061 0.878875 0.773700 0.857727 0.778508 0.838020 0.786155 0.821098 0.796121 0.808113 0.807727 0.799950 0.820181 0.797166 0.832636 0.799950 0.844242 0.808113 0.854208 0.821098 0.861855 0.838020 0.866662 0.857727
1 0.980005 0.882861 0.978438 0.903436 0.973844 0.922609 0.966536 0.939072 0.957011 0.951706 0.945920 0.959647 0.934018 0.962356 0.922115 0.959647 0.911024 0.951706 0.901499 0.939072 0.894191 0.922609 0.889597 0.903436 0.888030 0.882861 0.889597 0.862286 0.894191 0.843113 0.901499 0.826649 0.911024 0.814016 0.922115 0.806075 0.934018 0.803366 0.945920 0.806075 0.957011 0.814016 0.966536 0.826649 0.973844 0.843113 0.978438 0.862286
0 0.000000 0.885031 0.017169 0.929584 0.042069 0.926041 0.064649 0.896103 0.063823 0.865589 0.018502 0.832551
0 0.062837 0.902657 0.086963 0.973605 0.132125 0.997077 0.167955 0.953189 0.200880 0.880115 0.113730 0.776085 0.088723 0.789194
0 0.212770 0.778654 0.183684 0.880514 0.230738 0.937733 0.285737 0.900930 0.290776 0.846280 0.257531 0.778388
0 0.319808 0.914615 0.333058 0.926262 0.356118 0.915412 0.358038 0.863198 0.350227 0.824978 0.320661 0.831665 0.312743 0.871568
0 0.495388 0.953499 0.533884 0.996590 0.561450 0.920549 0.530499 0.877104 0.494908 0.883658
0 0.574540 0.845350 0.610451 0.971213 0.653879 0.952967 0.672487 0.897210 0.666142 0.831399 0.618502 0.816740
0 0.673714 0.879628 0.683125 0.977989 0.757211 0.981311 0.791362 0.875554 0.741029 0.778742 0.714956 0.777724 0.671821 0.806687
0 0.742415 0.941231 0.786217 0.742250 0.851480 0.762799 0.905652 0.921346 0.860890 1.000000
0 1.000000 0.842648 0.997307 0.944376 0.945961 1.000000 0.868808 0.899779 0.932951 0.824269
0 0.769342 0.709876 0.754892 0.783702 0.702693 0.786005 0.696294 0.695660 0.739616 0.669708
0 0.653159 0.693623 0.647081 0.736227 0.603732 0.719973 0.611170 0.667449 0.641696 0.648317
0 0.673927 0.634411 0.725380 0.661205 0.767182 0.600620 0.768435 0.537068 0.715009 0.483348 0.666942 0.515899
0 0.570701 0.678477 0.580032 0.756776 0.548627 0.832994 0.513223 0.846236 0.480165 0.794464 0.482698 0.695084 0.496161 0.671302 0.534178 0.654119
0 0.439909 0.766563 0.443215 0.742250 0.437003 0.704473 0.411037 0.717582 0.413383 0.766829
0 0.330205 0.800354 0.342735 0.713508 0.304852 0.659743 0.279605 0.697697 0.295734 0.751461
0 0.192482 0.698317 0.247214 0.726572 0.249320 0.678875 0.236550 0.637511 0.225380 0.634455
0 0.114130 0.628919 0.146254 0.638441 0.162117 0.684057 0.147027 0.753366 0.105758 0.748317 0.089016 0.736980 0.085684 0.689858 0.098534 0.638884
0 0.063290 0.521346 0.091816 0.627148 0.222847 0.587777 0.187230 0.414083 0.101386 0.413508
0 0.212530 0.406599 0.188296 0.449070 0.197627 0.579539 0.229992 0.608415 0.294668 0.520416 0.277046 0.434057
0 0.318768 0.533392 0.306638 0.583791 0.327166 0.635917 0.387070 0.610762 0.376593 0.504074 0.341589 0.488131
0 0.397601 0.477192 0.420155 0.427148 0.486057 0.473428 0.485391 0.560895 0.475340 0.581709 0.430365 0.594198
0 0.550333 0.661337 0.589283 0.537511 0.547881 0.473915 0.491016 0.480248 0.484937 0.618689
0 0.616822 0.524225 0.585444 0.512888 0.577526 0.469043 0.600666 0.434854 0.621967 0.448937 0.632658 0.482241
0 0.515569 0.396280 0.517249 0.423162 0.547721 0.425996 0.549987 0.380868 0.530632 0.373649
0 0.425806 0.393844 0.488456 0.309212 0.476353 0.255314 0.447667 0.230337 0.414476 0.235252 0.399413 0.335252
0 0.331432 0.337467 0.407785 0.341364 0.411757 0.460983 0.367742 0.481089 0.314236 0.431399
0 0.286324 0.358592 0.275980 0.365766 0.262490 0.357573 0.265449 0.335872 0.276886 0.331975 0.286724 0.341098
0 0.134551 0.431665 0.135591 0.365190 0.171234 0.339061 0.188110 0.371966 0.186030 0.412356 0.170195 0.433835
0 0.019728 0.376306 0.021034 0.412932 0.047721 0.461072 0.101386 0.428432 0.098614 0.367316 0.050733 0.345084
0 0.138736 0.282418 0.162890 0.311913 0.197414 0.285562 0.200373 0.226306 0.163343 0.206200 0.142975 0.212090
0 0.307971 0.235252 0.359957 0.154650 0.408504 0.240700 0.374540 0.297697 0.319302 0.288928
0 0.269182 0.244597 0.307545 0.236050 0.334604 0.195261 0.334817 0.130602 0.269528 0.107174 0.240523 0.209832
0 0.188190 0.074579 0.183604 0.089105 0.183978 0.109743 0.198001 0.119486 0.213170 0.098361 0.200000 0.073605
0 0.111410 0.053986 0.124447 0.068733 0.115676 0.097874 0.093282 0.086138 0.089310 0.060009
0 0.000000 0.169265 0.000000 0.237157 0.017222 0.314748 0.089043 0.307795 0.104186 0.196678 0.057451 0.143933
