1 0.416259 0.119734 0.414565 0.127936 0.409599 0.135579 0.401700 0.142142 0.391405 0.147178 0.379417 0.150343 0.366552 0.151423 0.353687 0.150343 0.341699 0.147178 0.331405 0.142142 0.323506 0.135579 0.318540 0.127936 0.316846 0.119734 0.318540 0.111533 0.323506 0.103890 0.331405 0.097327 0.341699 0.092291 0.353687 0.089125 0.366552 0.088046 0.379417 0.089125 0.391405 0.092291 0.401700 0.097327 0.409599 0.103890 0.414565 0.111533
1 0.543585 0.117078 0.541707 0.124690 0.536204 0.131784 0.527448 0.137875 0.516038 0.142549 0.502751 0.145487 0.488492 0.146490 0.474233 0.145487 0.460945 0.142549 0.449535 0.137875 0.440780 0.131784 0.435276 0.124690 0.433399 0.117078 0.435276 0.109465 0.440780 0.102372 0.449535 0.096281 0.460945 0.091606 0.474233 0.088668 0.488492 0.087666 0.502751 0.088668 0.516038 0.091606 0.527448 0.096281 0.536204 0.102372 0.541707 0.109465
1 0.608717 0.052562 0.606906 0.061549 0.601598 0.069924 0.593154 0.077116 0.582150 0.082634 0.569335 0.086103 0.555583 0.087287 0.541831 0.086103 0.529016 0.082634 0.518011 0.077116 0.509567 0.069924 0.504259 0.061549 0.502449 0.052562 0.504259 0.043574 0.509567 0.035199 0.518011 0.028007 0.529016 0.022489 0.541831 0.019020 0.555583 0.017837 0.569335 0.019020 0.582150 0.022489 0.593154 0.028007 0.601598 0.035199 0.606906 0.043574
1 0.300196 0.109488 0.298619 0.117984 0.293996 0.125901 0.286641 0.132700 0.277057 0.137917 0.265895 0.141196 0.253918 0.142315 0.241940 0.141196 0.230779 0.137917 0.221194 0.132700 0.213840 0.125901 0.209216 0.117984 0.207640 0.109488 0.209216 0.100991 0.213840 0.093074 0.221194 0.086275 0.230779 0.081058 0.241940 0.077779 0.253918 0.076660 0.265895 0.077779 0.277057 0.081058 0.286641 0.086275 0.293996 0.093074 0.298619 0.100991
1 0.190500 0.115560 0.188839 0.123663 0.183971 0.131214 0.176228 0.137699 0.166136 0.142674 0.154384 0.145802 0.141773 0.146869 0.129161 0.145802 0.117409 0.142674 0.107318 0.137699 0.099574 0.131214 0.094706 0.123663 0.093046 0.115560 0.094706 0.107456 0.099574 0.099905 0.107318 0.093421 0.117409 0.088445 0.129161 0.085317 0.141773 0.084250 0.154384 0.085317 0.166136 0.088445 0.176228 0.093421 0.183971 0.099905 0.188839 0.107456
1 0.183154 0.191082 0.181410 0.199676 0.176298 0.207685 0.168165 0.214562 0.157566 0.219840 0.145224 0.223157 0.131978 0.224288 0.118733 0.223157 0.106391 0.219840 0.095792 0.214562 0.087659 0.207685 0.082547 0.199676 0.080803 0.191082 0.082547 0.182487 0.087659 0.174478 0.095792 0.167601 0.106391 0.162324 0.118733 0.159006 0.131978 0.157875 0.145224 0.159006 0.157566 0.162324 0.168165 0.167601 0.176298 0.174478 0.181410 0.182487
1 0.345739 0.186528 0.343779 0.195220 0.338030 0.203321 0.328886 0.210277 0.316969 0.215614 0.303091 0.218969 0.288198 0.220114 0.273305 0.218969 0.259427 0.215614 0.247510 0.210277 0.238365 0.203321 0.232617 0.195220 0.230656 0.186528 0.232617 0.177835 0.238365 0.169734 0.247510 0.162778 0.259427 0.157441 0.273305 0.154086 0.288198 0.152941 0.303091 0.154086 0.316969 0.157441 0.328886 0.162778 0.338030 0.169734 0.343779 0.177835
1 0.475024 0.185009 0.473281 0.192818 0.468168 0.200095 0.460036 0.206343 0.449437 0.211138 0.437094 0.214152 0.423849 0.215180 0.410604 0.214152 0.398262 0.211138 0.387663 0.206343 0.379530 0.200095 0.374418 0.192818 0.372674 0.185009 0.374418 0.177201 0.379530 0.169924 0.387663 0.163676 0.398262 0.158881 0.410604 0.155867 0.423849 0.154839 0.437094 0.155867 0.449437 0.158881 0.460036 0.163676 0.468168 0.169924 0.473281 0.177201
1 0.596474 0.188425 0.594563 0.196037 0.588962 0.203131 0.580051 0.209222 0.568438 0.213896 0.554914 0.216835 0.540402 0.217837 0.525889 0.216835 0.512365 0.213896 0.500752 0.209222 0.491841 0.203131 0.486240 0.196037 0.484329 0.188425 0.486240 0.180813 0.491841 0.173719 0.500752 0.167628 0.512365 0.162954 0.525889 0.160015 0.540402 0.159013 0.554914 0.160015 0.568438 0.162954 0.580051 0.167628 0.588962 0.173719 0.594563 0.180813
1 0.135162 0.267362 0.133184 0.276645 0.127387 0.285294 0.118165 0.292722 0.106146 0.298421 0.092150 0.302004 0.077130 0.303226 0.062111 0.302004 0.048115 0.298421 0.036096 0.292722 0.026874 0.285294 0.021076 0.276645 0.019099 0.267362 0.021076 0.258080 0.026874 0.249431 0.036096 0.242003 0.048115 0.236304 0.062111 0.232721 0.077130 0.231499 0.092150 0.232721 0.106146 0.236304 0.118165 0.242003 0.127387 0.249431 0.133184 0.258080
1 0.261998 0.258634 0.260221 0.268309 0.255011 0.277324 0.246722 0.285066 0.235921 0.291007 0.223342 0.294741 0.209843 0.296015 0.196345 0.294741 0.183766 0.291007 0.172964 0.285066 0.164676 0.277324 0.159466 0.268309 0.157689 0.258634 0.159466 0.248959 0.164676 0.239943 0.172964 0.232201 0.183766 0.226261 0.196345 0.222526 0.209843 0.221252 0.223342 0.222526 0.235921 0.226261 0.246722 0.232201 0.255011 0.239943 0.260221 0.248959
1 0.411361 0.260152 0.409367 0.269827 0.403521 0.278842 0.394221 0.286584 0.382101 0.292525 0.367987 0.296259 0.352840 0.297533 0.337694 0.296259 0.323580 0.292525 0.311460 0.286584 0.302160 0.278843 0.296313 0.269827 0.294319 0.260152 0.296313 0.250477 0.302160 0.241461 0.311460 0.233719 0.323580 0.227779 0.337694 0.224044 0.352840 0.222770 0.367987 0.224044 0.382101 0.227779 0.394221 0.233719 0.403521 0.241461 0.409367 0.250477
1 0.543585 0.268121 0.541674 0.277600 0.536072 0.286433 0.527161 0.294017 0.515548 0.299837 0.502025 0.303496 0.487512 0.304744 0.473000 0.303496 0.459476 0.299837 0.447863 0.294017 0.438952 0.286433 0.433350 0.277600 0.431440 0.268121 0.433350 0.258643 0.438952 0.249810 0.447863 0.242225 0.459476 0.236406 0.473000 0.232747 0.487512 0.231499 0.502025 0.232747 0.515548 0.236406 0.527161 0.242225 0.536072 0.249810 0.541674 0.258643
1 0.154261 0.397913 0.152467 0.406802 0.147208 0.415085 0.138841 0.422199 0.127938 0.427657 0.115241 0.431088 0.101616 0.432258 0.087991 0.431088 0.075294 0.427657 0.064391 0.422199 0.056025 0.415085 0.050765 0.406802 0.048972 0.397913 0.050765 0.389023 0.056025 0.380740 0.064391 0.373627 0.075294 0.368169 0.087991 0.364738 0.101616 0.363567 0.115241 0.364738 0.127938 0.368169 0.138841 0.373627 0.147208 0.380740 0.152467 0.389023
1 0.292850 0.374004 0.290806 0.383384 0.284813 0.392125 0.275279 0.399631 0.262855 0.405391 0.248387 0.409012 0.232860 0.410247 0.217333 0.409012 0.202865 0.405391 0.190440 0.399631 0.180907 0.392125 0.174914 0.383384 0.172870 0.374004 0.174914 0.364623 0.180907 0.355882 0.190440 0.348376 0.202865 0.342617 0.217333 0.338996 0.232860 0.337761 0.248387 0.338996 0.262855 0.342617 0.275279 0.348376 0.284813 0.355882 0.290806 0.364623
1 0.434868 0.370588 0.432874 0.378790 0.427027 0.386433 0.417727 0.392996 0.405607 0.398032 0.391493 0.401197 0.376347 0.402277 0.361200 0.401197 0.347086 0.398032 0.334966 0.392996 0.325666 0.386433 0.319820 0.378790 0.317826 0.370588 0.319820 0.362387 0.325666 0.354744 0.334966 0.348181 0.347086 0.343145 0.361200 0.339979 0.376347 0.338899 0.391493 0.339979 0.405607 0.343145 0.417727 0.348181 0.427027 0.354744 0.432874 0.362387
1 0.571009 0.378178 0.569031 0.388050 0.563234 0.397249 0.554012 0.405148 0.541993 0.411209 0.527997 0.415019 0.512977 0.416319 0.497958 0.415019 0.483962 0.411209 0.471943 0.405148 0.462721 0.397249 0.456923 0.388050 0.454946 0.378178 0.456923 0.368307 0.462721 0.359108 0.471943 0.351209 0.483962 0.345148 0.497958 0.341338 0.512977 0.340038 0.527997 0.341338 0.541993 0.345148 0.554012 0.351209 0.563234 0.359108 0.569031 0.368307
1 0.158668 0.493928 0.156641 0.504782 0.150696 0.514896 0.141241 0.523581 0.128918 0.530245 0.114567 0.534434 0.099167 0.535863 0.083768 0.534434 0.069417 0.530245 0.057094 0.523581 0.047639 0.514896 0.041694 0.504782 0.039667 0.493928 0.041694 0.483074 0.047639 0.472960 0.057094 0.464275 0.069417 0.457611 0.083768 0.453421 0.099167 0.451992 0.114567 0.453421 0.128918 0.457611 0.141241 0.464275 0.150696 0.472960 0.156641 0.483074
1 0.327130 0.470778 0.324903 0.481926 0.318371 0.492315 0.307982 0.501236 0.294442 0.508081 0.278674 0.512384 0.261753 0.513852 0.244832 0.512384 0.229065 0.508081 0.215525 0.501236 0.205135 0.492315 0.198604 0.481926 0.196376 0.470778 0.198604 0.459630 0.205135 0.449241 0.215525 0.440320 0.229065 0.433475 0.244832 0.429172 0.261753 0.427704 0.278674 0.429172 0.294442 0.433475 0.307982 0.440320 0.318371 0.449241 0.324903 0.459630
1 0.470127 0.483302 0.467916 0.495138 0.461434 0.506167 0.451122 0.515638 0.437684 0.522906 0.422034 0.527474 0.405240 0.529032 0.388446 0.527474 0.372796 0.522906 0.359358 0.515638 0.349046 0.506167 0.342564 0.495138 0.340353 0.483302 0.342564 0.471466 0.349046 0.460436 0.359358 0.450965 0.372796 0.443698 0.388446 0.439129 0.405240 0.437571 0.422034 0.439129 0.437684 0.443698 0.451122 0.450965 0.461434 0.460436 0.467916 0.471466
1 0.610186 0.477609 0.607908 0.488561 0.601230 0.498767 0.590607 0.507530 0.576763 0.514255 0.560641 0.518482 0.543340 0.519924 0.526039 0.518482 0.509917 0.514255 0.496072 0.507530 0.485449 0.498767 0.478771 0.488561 0.476494 0.477609 0.478771 0.466657 0.485449 0.456452 0.496072 0.447688 0.509917 0.440963 0.526039 0.436736 0.543340 0.435294 0.560641 0.436736 0.576763 0.440963 0.590607 0.447688 0.601230 0.456452 0.607908 0.466657
1 0.816357 0.093169 0.814596 0.101862 0.809435 0.109962 0.801224 0.116918 0.790524 0.122256 0.778063 0.125611 0.764691 0.126755 0.751320 0.125611 0.738859 0.122256 0.728159 0.116918 0.719948 0.109962 0.714787 0.101862 0.713026 0.093169 0.714787 0.084476 0.719948 0.076376 0.728159 0.069420 0.738859 0.064082 0.751320 0.060727 0.764691 0.059583 0.778063 0.060727 0.790524 0.064082 0.801224 0.069420 0.809435 0.076376 0.814596 0.084476
1 0.735553 0.139089 0.733609 0.146603 0.727910 0.153605 0.718843 0.159618 0.707027 0.164232 0.693268 0.167132 0.678501 0.168121 0.663735 0.167132 0.649976 0.164232 0.638160 0.159618 0.629093 0.153605 0.623394 0.146603 0.621450 0.139089 0.623394 0.131575 0.629093 0.124573 0.638160 0.118560 0.649976 0.113947 0.663735 0.111046 0.678501 0.110057 0.693268 0.111046 0.707027 0.113947 0.718843 0.118560 0.727910 0.124573 0.733609 0.131575
1 0.859941 0.166793 0.858064 0.174602 0.852560 0.181879 0.843805 0.188127 0.832395 0.192922 0.819107 0.195936 0.804848 0.196964 0.790589 0.195936 0.777302 0.192922 0.765892 0.188127 0.757136 0.181879 0.751632 0.174602 0.749755 0.166793 0.751632 0.158984 0.757136 0.151708 0.765892 0.145459 0.777302 0.140665 0.790589 0.137650 0.804848 0.136622 0.819107 0.137650 0.832395 0.140665 0.843805 0.145459 0.852560 0.151708 0.858064 0.158984
1 0.752693 0.211195 0.750733 0.219397 0.744984 0.227040 0.735840 0.233603 0.723923 0.238639 0.710045 0.241804 0.695152 0.242884 0.680259 0.241804 0.666381 0.238639 0.654464 0.233603 0.645319 0.227040 0.639571 0.219397 0.637610 0.211195 0.639571 0.202994 0.645319 0.195351 0.654464 0.188788 0.666381 0.183752 0.680259 0.180586 0.695152 0.179507 0.710045 0.180586 0.723923 0.183752 0.735840 0.188788 0.744984 0.195351 0.750733 0.202994
1 0.886876 0.242694 0.884948 0.251878 0.879298 0.260436 0.870309 0.267785 0.858595 0.273424 0.844953 0.276969 0.830313 0.278178 0.815674 0.276969 0.802032 0.273424 0.790318 0.267785 0.781329 0.260436 0.775679 0.251878 0.773751 0.242694 0.775679 0.233511 0.781329 0.224953 0.790318 0.217604 0.802032 0.211965 0.815674 0.208420 0.830313 0.207211 0.844953 0.208420 0.858595 0.211965 0.870309 0.217604 0.879298 0.224953 0.884948 0.233511
1 0.785504 0.298102 0.783394 0.307483 0.777205 0.316224 0.767360 0.323730 0.754530 0.329490 0.739589 0.333110 0.723555 0.334345 0.707522 0.333110 0.692581 0.329490 0.679751 0.323730 0.669906 0.316224 0.663717 0.307483 0.661606 0.298102 0.663717 0.288722 0.669906 0.279981 0.679751 0.272475 0.692581 0.266715 0.707522 0.263095 0.723555 0.261860 0.739589 0.263095 0.754530 0.266715 0.767360 0.272475 0.777205 0.279981 0.783394 0.288722
1 0.946621 0.318596 0.944393 0.329057 0.937862 0.338805 0.927472 0.347175 0.913932 0.353598 0.898165 0.357636 0.881244 0.359013 0.864323 0.357636 0.848555 0.353598 0.835015 0.347175 0.824626 0.338805 0.818094 0.329057 0.815867 0.318596 0.818094 0.308135 0.824626 0.298387 0.835015 0.290016 0.848555 0.283593 0.864323 0.279556 0.881244 0.278178 0.898165 0.279556 0.913932 0.283593 0.927472 0.290016 0.937862 0.298387 0.944393 0.308135
1 0.833497 0.375901 0.831569 0.387639 0.825919 0.398577 0.816930 0.407969 0.805215 0.415176 0.791574 0.419707 0.776934 0.421252 0.762295 0.419707 0.748653 0.415176 0.736939 0.407969 0.727950 0.398577 0.722299 0.387639 0.720372 0.375901 0.722299 0.364164 0.727950 0.353226 0.736939 0.343833 0.748653 0.336626 0.762295 0.332096 0.776934 0.330550 0.791574 0.332096 0.805215 0.336626 0.816930 0.343833 0.825919 0.353226 0.831569 0.364164
1 0.976004 0.416509 0.973743 0.424612 0.967114 0.432163 0.956569 0.438648 0.942826 0.443623 0.926822 0.446751 0.909647 0.447818 0.892473 0.446751 0.876469 0.443623 0.862726 0.438648 0.852181 0.432163 0.845552 0.424612 0.843291 0.416509 0.845552 0.408405 0.852181 0.400854 0.862726 0.394370 0.876469 0.389394 0.892473 0.386266 0.909647 0.385199 0.926822 0.386266 0.942826 0.389394 0.956569 0.394370 0.967114 0.400854 0.973743 0.408405
1 0.850637 0.472676 0.848626 0.483235 0.842731 0.493074 0.833353 0.501523 0.821131 0.508007 0.806899 0.512082 0.791626 0.513472 0.776353 0.512082 0.762120 0.508007 0.749899 0.501523 0.740521 0.493074 0.734626 0.483235 0.732615 0.472676 0.734626 0.462116 0.740521 0.452277 0.749899 0.443828 0.762120 0.437344 0.776353 0.433269 0.791626 0.431879 0.806899 0.433269 0.821131 0.437344 0.833353 0.443828 0.842731 0.452277 0.848626 0.462116
1 0.990206 0.508349 0.987828 0.520382 0.980856 0.531594 0.969766 0.541222 0.955313 0.548610 0.938483 0.553255 0.920421 0.554839 0.902360 0.553255 0.885529 0.548610 0.871076 0.541222 0.859986 0.531594 0.853014 0.520382 0.850637 0.508349 0.853014 0.496317 0.859986 0.485104 0.871076 0.475476 0.885529 0.468088 0.902360 0.463444 0.920421 0.461860 0.938483 0.463444 0.955313 0.468088 0.969766 0.475476 0.980856 0.485104 0.987828 0.496317
1 0.207150 0.790702 0.204538 0.804699 0.196882 0.817742 0.184702 0.828942 0.168830 0.837536 0.150345 0.842939 0.130509 0.844782 0.110673 0.842939 0.092189 0.837536 0.076316 0.828942 0.064137 0.817742 0.056480 0.804699 0.053869 0.790702 0.056480 0.776705 0.064137 0.763662 0.076316 0.752462 0.092189 0.743868 0.110673 0.738465 0.130509 0.736622 0.150345 0.738465 0.168830 0.743868 0.184702 0.752462 0.196882 0.763662 0.204538 0.776705
1 0.367287 0.769450 0.364792 0.783447 0.357478 0.796490 0.345844 0.807690 0.330681 0.816284 0.313023 0.821687 0.294074 0.823529 0.275126 0.821687 0.257468 0.816284 0.242305 0.807690 0.230671 0.796490 0.223357 0.783447 0.220862 0.769450 0.223357 0.755453 0.230671 0.742410 0.242305 0.731210 0.257468 0.722615 0.275126 0.717213 0.294074 0.715370 0.313023 0.717213 0.330681 0.722615 0.345844 0.731210 0.357478 0.742410 0.364792 0.755453
1 0.513712 0.767552 0.511201 0.779781 0.503838 0.791176 0.492125 0.800962 0.476861 0.808471 0.459085 0.813191 0.440010 0.814801 0.420934 0.813191 0.403159 0.808471 0.387894 0.800962 0.376182 0.791176 0.368819 0.779781 0.366308 0.767552 0.368819 0.755323 0.376182 0.743928 0.387894 0.734142 0.403159 0.726634 0.420934 0.721914 0.440010 0.720304 0.459085 0.721914 0.476861 0.726634 0.492125 0.734142 0.503838 0.743928 0.511201 0.755323
1 0.652791 0.764516 0.650447 0.779593 0.643573 0.793643 0.632639 0.805708 0.618389 0.814966 0.601794 0.820785 0.583986 0.822770 0.566178 0.820785 0.549584 0.814966 0.535334 0.805708 0.524399 0.793643 0.517526 0.779593 0.515181 0.764516 0.517526 0.749439 0.524399 0.735389 0.535334 0.723324 0.549584 0.714066 0.566178 0.708247 0.583986 0.706262 0.601794 0.708247 0.618389 0.714066 0.632639 0.723324 0.643573 0.735389 0.650447 0.749439
1 0.198335 0.915939 0.195623 0.929347 0.187673 0.941841 0.175027 0.952569 0.158546 0.960802 0.139353 0.965977 0.118756 0.967742 0.098160 0.965977 0.078967 0.960802 0.062485 0.952569 0.049839 0.941841 0.041889 0.929347 0.039177 0.915939 0.041889 0.902532 0.049839 0.890038 0.062485 0.879309 0.078967 0.871077 0.098160 0.865902 0.118756 0.864137 0.139353 0.865902 0.158546 0.871077 0.175027 0.879309 0.187673 0.890038 0.195623 0.902532
1 0.381978 0.908729 0.379167 0.924002 0.370923 0.938235 0.357810 0.950457 0.340720 0.959836 0.320818 0.965731 0.299461 0.967742 0.278104 0.965731 0.258203 0.959836 0.241113 0.950457 0.227999 0.938235 0.219756 0.924002 0.216944 0.908729 0.219756 0.893455 0.227999 0.879222 0.241113 0.867000 0.258203 0.857622 0.278104 0.851726 0.299461 0.849715 0.320818 0.851726 0.340720 0.857622 0.357810 0.867000 0.370923 0.879222 0.379167 0.893455
1 0.534770 0.892030 0.532309 0.906715 0.525092 0.920398 0.513613 0.932149 0.498653 0.941165 0.481232 0.946833 0.462537 0.948767 0.443841 0.946833 0.426420 0.941165 0.411460 0.932149 0.399981 0.920398 0.392765 0.906715 0.390304 0.892030 0.392765 0.877346 0.399981 0.863662 0.411460 0.851912 0.426420 0.842895 0.443841 0.837227 0.462537 0.835294 0.481232 0.837227 0.498653 0.842895 0.513613 0.851912 0.525092 0.863662 0.532309 0.877346
1 0.692458 0.900000 0.689697 0.913702 0.681600 0.926471 0.668720 0.937435 0.651934 0.945848 0.632387 0.951137 0.611410 0.952941 0.590434 0.951137 0.570886 0.945848 0.554101 0.937435 0.541221 0.926471 0.533124 0.913702 0.530362 0.900000 0.533124 0.886298 0.541221 0.873529 0.554101 0.862565 0.570886 0.854152 0.590434 0.848863 0.611410 0.847059 0.632387 0.848863 0.651934 0.854152 0.668720 0.862565 0.681600 0.873529 0.689697 0.886298
1 0.859452 0.918216 0.856773 0.934472 0.848921 0.949620 0.836430 0.962629 0.820152 0.972610 0.801195 0.978885 0.780852 0.981025 0.760509 0.978885 0.741552 0.972610 0.725274 0.962629 0.712783 0.949620 0.704931 0.934472 0.702253 0.918216 0.704931 0.901960 0.712783 0.886812 0.725274 0.873804 0.741552 0.863823 0.760509 0.857548 0.780852 0.855408 0.801195 0.857548 0.820152 0.863823 0.836430 0.873804 0.848921 0.886812 0.856773 0.901960
1 0.813418 0.770209 0.810757 0.787447 0.802954 0.803510 0.790540 0.817304 0.774363 0.827889 0.755525 0.834543 0.735309 0.836812 0.715092 0.834543 0.696254 0.827889 0.680077 0.817304 0.667664 0.803510 0.659860 0.787447 0.657199 0.770209 0.659860 0.752970 0.667664 0.736907 0.680077 0.723113 0.696254 0.712528 0.715092 0.705875 0.735309 0.703605 0.755525 0.705875 0.774363 0.712528 0.790540 0.723113 0.802954 0.736907 0.810757 0.752970
1 0.474974 0.044936 0.473282 0.053638 0.468320 0.061746 0.460427 0.068709 0.450140 0.074052 0.438161 0.077411 0.425306 0.078557 0.412451 0.077411 0.400472 0.074052 0.390186 0.068709 0.382293 0.061746 0.377331 0.053638 0.375638 0.044936 0.377331 0.036234 0.382293 0.028126 0.390186 0.021162 0.400472 0.015820 0.412451 0.012461 0.425306 0.011315 0.438161 0.012461 0.450140 0.015820 0.460427 0.021162 0.468320 0.028126 0.473282 0.036234
0 0.560088 0.006755 0.526983 0.016850 0.516601 0.041898 0.519834 0.072903 0.542899 0.086983 0.576347 0.081898 0.597209 0.057647 0.592106 0.024649
0 0.425465 0.077761 0.420813 0.146907 0.503085 0.151006 0.535602 0.127970 0.526396 0.094194 0.492507 0.061822
0 0.356538 0.099928 0.326396 0.116319 0.343144 0.145503 0.379383 0.144782 0.396670 0.138330 0.397845 0.118824
0 0.230279 0.047829 0.186141 0.065047 0.173213 0.097620 0.218903 0.138292 0.254554 0.141442 0.299853 0.115218 0.297747 0.070323 0.270720 0.054565
0 0.138002 0.097116 0.117091 0.115142 0.130118 0.142467 0.158276 0.133435 0.175955 0.113852 0.166895 0.095199
0 0.155436 0.166717 0.160333 0.203719 0.147698 0.220645 0.123947 0.223719 0.088492 0.214725 0.099216 0.170664 0.127140 0.165017
0 0.267258 0.163583 0.258619 0.176091 0.254016 0.203757 0.287953 0.213586 0.325759 0.206376 0.317238 0.175332 0.300514 0.158896
0 0.412542 0.151958 0.378697 0.161822 0.376836 0.200531 0.406170 0.211271 0.435211 0.209146 0.453036 0.192296 0.452600 0.170410
0 0.549574 0.167647 0.511166 0.179810 0.526494 0.212144 0.554163 0.215636 0.564691 0.196129
0 0.061166 0.231689 0.002253 0.252638 0.000000 0.300873 0.026102 0.307932 0.153722 0.279469 0.114887 0.235408
0 0.163320 0.215522 0.154961 0.225461 0.155436 0.274497 0.177277 0.295408 0.217483 0.295446 0.265426 0.265617 0.260235 0.219772 0.201812 0.203567
0 0.356954 0.205009 0.307835 0.217951 0.277767 0.235104 0.272968 0.256129 0.303673 0.294156 0.371939 0.299203 0.405240 0.284213 0.397591 0.205731
0 0.483697 0.221939 0.450818 0.234535 0.434182 0.255142 0.439858 0.296038 0.467444 0.311268 0.505617 0.305704 0.538639 0.272144 0.533154 0.242770
0 0.086420 0.378922 0.061019 0.405920 0.084672 0.430588 0.124966 0.431347 0.138981 0.414459 0.118560 0.388083
0 0.241518 0.345381 0.201724 0.372144 0.213575 0.408615 0.263771 0.396433 0.272439 0.384137 0.272488 0.374649
0 0.376690 0.338975 0.338247 0.357305 0.339814 0.399620 0.392605 0.396015 0.406415 0.374839 0.405681 0.345693
0 0.492409 0.344972 0.459500 0.354915 0.456611 0.403947 0.495103 0.432144 0.542116 0.404402 0.564545 0.371651 0.524765 0.346038
0 0.071890 0.463188 0.044021 0.486027 0.062292 0.530892 0.096817 0.534953 0.138002 0.509184 0.134819 0.470892 0.102253 0.458786
0 0.190304 0.477647 0.197453 0.507211 0.270960 0.511613 0.305730 0.497419 0.318266 0.459165 0.274780 0.412789 0.196621 0.434307
0 0.423115 0.454004 0.432272 0.491879 0.404114 0.522884 0.364496 0.495825 0.364300 0.462391
0 0.501861 0.429564 0.481978 0.455939 0.486288 0.504402 0.586631 0.521935 0.612537 0.492600 0.614691 0.467476 0.587566 0.435670 0.560529 0.422353 0.526787 0.421176
0 0.730264 0.065806 0.709549 0.101784 0.727228 0.129526 0.786337 0.125693 0.816308 0.097230 0.801175 0.070171 0.765387 0.056285
0 0.640059 0.108008 0.692718 0.103731 0.735421 0.148831 0.685455 0.167780 0.646621 0.160266
0 0.782821 0.117655 0.757135 0.159393 0.809535 0.197685 0.847341 0.182505 0.848663 0.135674 0.821366 0.117655
0 0.693487 0.167442 0.670431 0.180915 0.639667 0.219013 0.674829 0.240455 0.727375 0.233510 0.745348 0.180304
0 0.825808 0.182125 0.758110 0.208619 0.776690 0.257723 0.802693 0.282960 0.853526 0.273890 0.909354 0.238254 0.871866 0.183431
0 0.715078 0.232118 0.659990 0.249108 0.671548 0.320380 0.724094 0.337989 0.770519 0.319013 0.799657 0.259241 0.749094 0.235047
0 0.873203 0.289658 0.840323 0.297567 0.830950 0.331385 0.875122 0.352979 0.914643 0.333738 0.904212 0.293776
0 0.736974 0.351917 0.806822 0.340065 0.845397 0.372372 0.817728 0.421442 0.776543 0.427742 0.725945 0.406254 0.716014 0.369526
0 0.884427 0.391006 0.864300 0.399962 0.856170 0.425503 0.896866 0.448273 0.926885 0.437343 0.944770 0.405658 0.935318 0.388964
0 0.794065 0.392884 0.736092 0.425275 0.709794 0.458634 0.761851 0.505806 0.846964 0.509677 0.872625 0.449639
0 0.889133 0.472717 0.882708 0.523093 0.925269 0.545047 0.946523 0.513738 0.936582 0.480797
0 0.096866 0.741860 0.053428 0.781518 0.063957 0.837989 0.094231 0.850220 0.136180 0.846706 0.178511 0.816539 0.187958 0.776710 0.160970 0.743112
0 0.253737 0.732721 0.240255 0.775218 0.266112 0.816509 0.327620 0.804934 0.350784 0.760342
0 0.102449 0.882315 0.152488 0.884410 0.172037 0.921860 0.128683 0.957628 0.057640 0.950285 0.060725 0.901139
0 0.306939 0.872767 0.279187 0.878520 0.266895 0.922277 0.316650 0.930778 0.337169 0.915142 0.334623 0.889260
0 0.409990 0.731689 0.490157 0.748880 0.467189 0.794421 0.427424 0.804440 0.409549 0.775218
0 0.444368 0.864478 0.405240 0.875787 0.397992 0.891575 0.416748 0.925161 0.467385 0.919165 0.487904 0.877321
0 0.536817 0.709602 0.525269 0.791309 0.604016 0.805996 0.630215 0.786110 0.609941 0.721214
0 0.595171 0.872953 0.569980 0.909222 0.607052 0.926907 0.644711 0.907970 0.642067 0.884478
0 0.761905 0.880979 0.700147 0.915977 0.747258 0.977685 0.791087 0.978482 0.814985 0.954345 0.832517 0.920607 0.812439 0.885844
0 0.695181 0.726907 0.681342 0.787476 0.716405 0.805617 0.773262 0.812068 0.802400 0.776091 0.760676 0.717268