0 0.171902 0.068828 0.226348 0.031894 0.289771 0.058720 0.329970 0.138999 0.336723 0.170043 0.286774 0.272670 0.276626 0.290120 0.244343 0.282608 0.179637 0.236924 0.142126 0.204901
1 0.305949 0.142638 0.303989 0.157279 0.298244 0.170921 0.289105 0.182636 0.277194 0.191625 0.263323 0.197276 0.248439 0.199204 0.233554 0.197276 0.219683 0.191625 0.207773 0.182636 0.198633 0.170921 0.192888 0.157279 0.190928 0.142638 0.192888 0.127998 0.198633 0.114356 0.207773 0.102641 0.219683 0.093652 0.233554 0.088001 0.248439 0.086073 0.263323 0.088001 0.277194 0.093652 0.289105 0.102641 0.298244 0.114356 0.303989 0.127998
1 0.453922 0.108546 0.451834 0.123704 0.445711 0.137829 0.435971 0.149958 0.423278 0.159266 0.408496 0.165116 0.392633 0.167112 0.376771 0.165116 0.361989 0.159266 0.349296 0.149958 0.339556 0.137829 0.333433 0.123704 0.331345 0.108546 0.333433 0.093389 0.339556 0.079264 0.349296 0.067134 0.361989 0.057827 0.376771 0.051976 0.392633 0.049981 0.408496 0.051976 0.423278 0.057827 0.435971 0.067134 0.445711 0.079264 0.451834 0.093389
1 0.439010 0.248188 0.436657 0.268283 0.429760 0.287009 0.418788 0.303089 0.404489 0.315428 0.387837 0.323184 0.369967 0.325830 0.352098 0.323184 0.335446 0.315428 0.321147 0.303089 0.310175 0.287009 0.303277 0.268283 0.300925 0.248188 0.303277 0.228092 0.310175 0.209367 0.321147 0.193286 0.335446 0.180948 0.352098 0.173191 0.369967 0.170546 0.387837 0.173191 0.404489 0.180948 0.418788 0.193286 0.429760 0.209367 0.436657 0.228092
1 0.298240 0.438192 0.295735 0.459472 0.288391 0.479302 0.276708 0.496330 0.261482 0.509397 0.243752 0.517610 0.224724 0.520412 0.205697 0.517610 0.187966 0.509397 0.172740 0.496330 0.161057 0.479302 0.153713 0.459472 0.151208 0.438192 0.153713 0.416911 0.161057 0.397081 0.172740 0.380053 0.187966 0.366986 0.205697 0.358773 0.224724 0.355971 0.243752 0.358773 0.261482 0.366986 0.276708 0.380053 0.288391 0.397081 0.295735 0.416911
1 0.177453 0.858260 0.174724 0.887144 0.166725 0.914060 0.153999 0.937172 0.137414 0.954907 0.118101 0.966056 0.097375 0.969859 0.076650 0.966056 0.057337 0.954907 0.040752 0.937172 0.028026 0.914060 0.020027 0.887144 0.017298 0.858260 0.020027 0.829376 0.028026 0.802461 0.040752 0.779348 0.057337 0.761613 0.076650 0.750464 0.097375 0.746662 0.118101 0.750464 0.137414 0.761613 0.153999 0.779348 0.166725 0.802461 0.174724 0.829376
1 0.450939 0.427509 0.448343 0.450665 0.440731 0.472243 0.428621 0.490773 0.412839 0.504992 0.394461 0.513930 0.374739 0.516978 0.355017 0.513930 0.336639 0.504992 0.320857 0.490773 0.308748 0.472243 0.301135 0.450665 0.298539 0.427509 0.301135 0.404352 0.308748 0.382774 0.320857 0.364244 0.336639 0.350026 0.355017 0.341088 0.374739 0.338039 0.394461 0.341088 0.412839 0.350026 0.428621 0.364244 0.440731 0.382774 0.448343 0.404352
1 0.455115 0.641931 0.452213 0.665680 0.443707 0.687810 0.430176 0.706814 0.412541 0.721396 0.392005 0.730563 0.369967 0.733689 0.347929 0.730563 0.327393 0.721396 0.309759 0.706814 0.296227 0.687810 0.287721 0.665680 0.284820 0.641931 0.287721 0.618182 0.296227 0.596051 0.309759 0.577047 0.327393 0.562465 0.347929 0.553298 0.369967 0.550172 0.392005 0.553298 0.412541 0.562465 0.430176 0.577047 0.443707 0.596051 0.452213 0.618182
1 0.372204 0.849485 0.369038 0.881529 0.359758 0.911389 0.344994 0.937030 0.325753 0.956706 0.303347 0.969074 0.279302 0.973293 0.255257 0.969074 0.232851 0.956706 0.213611 0.937030 0.198847 0.911389 0.189566 0.881529 0.186400 0.849485 0.189566 0.817441 0.198847 0.787581 0.213611 0.761940 0.232851 0.742264 0.255257 0.729896 0.279302 0.725677 0.303347 0.729896 0.325753 0.742264 0.344994 0.761940 0.359758 0.787581 0.369038 0.817441
1 0.609603 0.121519 0.607291 0.137170 0.600513 0.151755 0.589731 0.164279 0.575678 0.173890 0.559314 0.179931 0.541754 0.181992 0.524193 0.179931 0.507829 0.173890 0.493777 0.164279 0.482994 0.151755 0.476216 0.137170 0.473904 0.121519 0.476216 0.105867 0.482994 0.091282 0.493777 0.078758 0.507829 0.069147 0.524193 0.063106 0.541754 0.061045 0.559314 0.063106 0.575678 0.069147 0.589731 0.078758 0.600513 0.091282 0.607291 0.105867
1 0.744110 0.116177 0.742072 0.131335 0.736098 0.145460 0.726596 0.157589 0.714211 0.166896 0.699789 0.172747 0.684313 0.174742 0.668836 0.172747 0.654414 0.166896 0.642030 0.157589 0.632527 0.145460 0.626553 0.131335 0.624515 0.116177 0.626553 0.101019 0.632527 0.086894 0.642030 0.074765 0.654414 0.065458 0.668836 0.059607 0.684313 0.057612 0.699789 0.059607 0.714211 0.065458 0.726596 0.074765 0.736098 0.086894 0.742072 0.101019
1 0.603937 0.241320 0.601391 0.257564 0.593928 0.272701 0.582055 0.285700 0.566582 0.295674 0.548564 0.301944 0.529228 0.304082 0.509891 0.301944 0.491873 0.295674 0.476400 0.285700 0.464527 0.272701 0.457064 0.257564 0.454518 0.241320 0.457064 0.225076 0.464527 0.209939 0.476400 0.196940 0.491873 0.186966 0.509891 0.180696 0.529228 0.178558 0.548564 0.180696 0.566582 0.186966 0.582055 0.196940 0.593928 0.209939 0.601391 0.225076
1 0.766776 0.252385 0.764271 0.270011 0.756927 0.286436 0.745244 0.300541 0.730018 0.311364 0.712287 0.318168 0.693260 0.320488 0.674232 0.318168 0.656502 0.311364 0.641276 0.300541 0.629593 0.286436 0.622249 0.270011 0.619744 0.252385 0.622249 0.234758 0.629593 0.218333 0.641276 0.204228 0.656502 0.193405 0.674232 0.186601 0.693260 0.184281 0.712287 0.186601 0.730018 0.193405 0.745244 0.204228 0.756927 0.218333 0.764271 0.234758
1 0.611393 0.423312 0.608949 0.447554 0.601783 0.470145 0.590384 0.489544 0.575529 0.504429 0.558230 0.513787 0.539666 0.516978 0.521102 0.513787 0.503803 0.504429 0.488947 0.489544 0.477549 0.470145 0.470383 0.447554 0.467939 0.423312 0.470383 0.399069 0.477549 0.376478 0.488947 0.357079 0.503803 0.342194 0.521102 0.332837 0.539666 0.329645 0.558230 0.332837 0.575529 0.342194 0.590384 0.357079 0.601783 0.376478 0.608949 0.399069
1 0.779600 0.428653 0.777187 0.454377 0.770111 0.478348 0.758854 0.498932 0.744184 0.514727 0.727101 0.524656 0.708768 0.528043 0.690436 0.524656 0.673352 0.514727 0.658682 0.498932 0.647426 0.478348 0.640350 0.454377 0.637936 0.428653 0.640350 0.402929 0.647426 0.378958 0.658682 0.358374 0.673352 0.342579 0.690436 0.332650 0.708768 0.329264 0.727101 0.332650 0.744184 0.342579 0.758854 0.358374 0.770111 0.378958 0.777187 0.402929
1 0.567551 0.850248 0.564579 0.881304 0.555864 0.910244 0.542001 0.935095 0.523934 0.954164 0.502894 0.966152 0.480316 0.970240 0.457738 0.966152 0.436698 0.954164 0.418631 0.935095 0.404768 0.910244 0.396053 0.881304 0.393081 0.850248 0.396053 0.819192 0.404768 0.790252 0.418631 0.765401 0.436698 0.746332 0.457738 0.734344 0.480316 0.730256 0.502894 0.734344 0.523934 0.746332 0.542001 0.765401 0.555864 0.790252 0.564579 0.819192
1 0.824038 0.628577 0.821188 0.655585 0.812830 0.680752 0.799536 0.702363 0.782210 0.718946 0.762034 0.729371 0.740382 0.732926 0.718730 0.729371 0.698554 0.718946 0.681228 0.702363 0.667933 0.680752 0.659576 0.655585 0.656725 0.628577 0.659576 0.601569 0.667933 0.576402 0.681228 0.554791 0.698554 0.538208 0.718730 0.527783 0.740382 0.524227 0.762034 0.527783 0.782210 0.538208 0.799536 0.554791 0.812830 0.576402 0.821188 0.601569
1 0.763495 0.855208 0.760320 0.885869 0.751009 0.914441 0.736198 0.938976 0.716895 0.957803 0.694417 0.969638 0.670295 0.973674 0.646173 0.969638 0.623695 0.957803 0.604393 0.938976 0.589582 0.914441 0.580271 0.885869 0.577095 0.855208 0.580271 0.824547 0.589582 0.795975 0.604393 0.771440 0.623695 0.752613 0.646173 0.740778 0.670295 0.736742 0.694417 0.740778 0.716895 0.752613 0.736198 0.771440 0.751009 0.795975 0.760320 0.824547
1 0.976439 0.860168 0.973223 0.892804 0.963793 0.923216 0.948792 0.949332 0.929242 0.969371 0.906477 0.981968 0.882046 0.986265 0.857615 0.981968 0.834849 0.969371 0.815300 0.949332 0.800299 0.923216 0.790869 0.892804 0.787653 0.860168 0.790869 0.827532 0.800299 0.797119 0.815300 0.771004 0.834849 0.750965 0.857615 0.738368 0.882046 0.734071 0.906477 0.738368 0.929242 0.750965 0.948792 0.771004 0.963793 0.797119 0.973223 0.827532
1 0.250224 0.623617 0.247129 0.649933 0.238057 0.674456 0.223625 0.695515 0.204817 0.711673 0.182914 0.721831 0.159409 0.725296 0.135905 0.721831 0.114002 0.711673 0.095194 0.695515 0.080762 0.674456 0.071690 0.649933 0.068595 0.623617 0.071690 0.597301 0.080762 0.572778 0.095194 0.551719 0.114002 0.535561 0.135905 0.525403 0.159409 0.521938 0.182914 0.525403 0.204817 0.535561 0.223625 0.551719 0.238057 0.572778 0.247129 0.597301
0 0.356964 0.067112 0.400000 0.058337 0.425917 0.130217 0.414972 0.144220 0.397733 0.152652 0.374172 0.150362 0.344020 0.137505
0 0.536594 0.075391 0.570265 0.090195 0.587832 0.140595 0.546764 0.179550 0.503102 0.146013 0.519147 0.105799
0 0.649687 0.029493 0.621175 0.069248 0.616433 0.108241 0.642231 0.160206 0.693319 0.164327 0.742797 0.132736 0.725857 0.025067 0.679183 0.005113
0 0.310588 0.259977 0.299404 0.199008 0.341485 0.134567 0.397465 0.128768 0.417984 0.148646 0.421145 0.236093 0.367313 0.303434 0.324933 0.285540
0 0.486728 0.286036 0.485983 0.262457 0.492663 0.218771 0.543006 0.215185 0.558813 0.282373 0.527110 0.300343 0.498181 0.296986
0 0.633522 0.233842 0.695676 0.214460 0.717775 0.228768 0.738712 0.286074 0.699672 0.318008 0.657888 0.313277
0 0.230092 0.351126 0.171130 0.399122 0.166985 0.477986 0.218014 0.510836 0.263078 0.501908 0.292425 0.458565 0.279242 0.389508
0 0.342857 0.389355 0.314584 0.438153 0.327856 0.506410 0.385088 0.503396 0.415240 0.478253 0.423442 0.402098 0.382046 0.366120
0 0.456815 0.364632 0.439606 0.447234 0.466299 0.555284 0.514107 0.590423 0.614137 0.518085 0.649210 0.407058 0.573844 0.323464 0.530122 0.307783
0 0.731792 0.356429 0.776707 0.424723 0.766060 0.475620 0.697465 0.523846 0.656934 0.496032 0.652311 0.432736 0.702833 0.352118
0 0.215216 0.520610 0.264718 0.580046 0.231047 0.664098 0.204026 0.698054 0.120161 0.703739 0.067611 0.552995 0.128661 0.506181
0 0.285834 0.639985 0.312616 0.557497 0.374262 0.529264 0.447152 0.571995 0.442648 0.698321 0.403042 0.730904 0.289562 0.709309
0 0.722159 0.603014 0.750373 0.572568 0.791918 0.619039 0.783835 0.675010 0.735341 0.681877 0.704653 0.640214
0 0.092693 0.760816 0.131464 0.750057 0.180406 0.785006 0.188697 0.885006 0.105219 0.935444 0.061795 0.894468 0.044915 0.826402
0 0.183269 0.745822 0.147241 0.866311 0.179660 0.967989 0.319863 0.954407 0.357322 0.901831 0.371608 0.820107 0.361259 0.783709 0.277960 0.696986
0 0.404951 0.891606 0.428721 0.773560 0.471995 0.782373 0.514107 0.835406 0.504265 0.902785 0.461766 0.938344
0 0.596868 0.804197 0.632061 0.740443 0.693409 0.763754 0.739159 0.806257 0.757859 0.897177 0.694632 0.964365 0.619803 0.962304 0.581330 0.877528
0 0.797853 0.901831 0.850194 0.998894 0.939189 1.000000 0.967462 0.994201 1.000000 0.883594 0.938413 0.777833 0.828512 0.760435
