1 0.082400 0.645360 0.080996 0.674649 0.076880 0.701941 0.070333 0.725378 0.061800 0.743362 0.051863 0.754667 0.041200 0.758523 0.030537 0.754667 0.020600 0.743362 0.012067 0.725378 0.005520 0.701941 0.001404 0.674649 0.000000 0.645360 0.001404 0.616071 0.005520 0.588778 0.012067 0.565342 0.020600 0.547358 0.030537 0.536053 0.041200 0.532197 0.051863 0.536053 0.061800 0.547358 0.070333 0.565342 0.076880 0.588778 0.080996 0.616071
1 0.086400 0.875000 0.085160 0.907352 0.081523 0.937500 0.075739 0.963388 0.068200 0.983253 0.059421 0.995741 0.050000 1.000000 0.040579 0.995741 0.031800 0.983253 0.024261 0.963388 0.018477 0.937500 0.014840 0.907352 0.013600 0.875000 0.014840 0.842648 0.018477 0.812500 0.024261 0.786612 0.031800 0.766747 0.040579 0.754259 0.050000 0.750000 0.059421 0.754259 0.068200 0.766747 0.075739 0.786612 0.081523 0.812500 0.085160 0.842648
1 0.160267 0.867424 0.158954 0.901737 0.155104 0.933712 0.148981 0.961169 0.141000 0.982238 0.131706 0.995483 0.121733 1.000000 0.111760 0.995483 0.102467 0.982238 0.094486 0.961169 0.088362 0.933712 0.084513 0.901737 0.083200 0.867424 0.084513 0.833111 0.088362 0.801136 0.094486 0.773679 0.102467 0.752610 0.111760 0.739366 0.121733 0.734848 0.131706 0.739366 0.141000 0.752610 0.148981 0.773679 0.155104 0.801136 0.158954 0.833111
1 0.237600 0.529830 0.236269 0.568187 0.232366 0.603930 0.226158 0.634623 0.218067 0.658175 0.208645 0.672980 0.198533 0.678030 0.188422 0.672980 0.179000 0.658175 0.170909 0.634623 0.164701 0.603930 0.160798 0.568187 0.159467 0.529830 0.160798 0.491472 0.164701 0.455729 0.170909 0.425036 0.179000 0.401484 0.188422 0.386679 0.198533 0.381629 0.208645 0.386679 0.218067 0.401484 0.226158 0.425036 0.232366 0.455729 0.236269 0.491472
1 0.230400 0.834754 0.229151 0.871640 0.225488 0.906013 0.219661 0.935530 0.212067 0.958179 0.203223 0.972417 0.193733 0.977273 0.184243 0.972417 0.175400 0.958179 0.167806 0.935530 0.161979 0.906013 0.158316 0.871640 0.157067 0.834754 0.158316 0.797867 0.161979 0.763494 0.167806 0.733978 0.175400 0.711329 0.184243 0.697091 0.193733 0.692235 0.203223 0.697091 0.212067 0.711329 0.219661 0.733978 0.225488 0.763494 0.229151 0.797867
1 0.308533 0.853693 0.307320 0.890335 0.303764 0.924479 0.298106 0.953800 0.290733 0.976298 0.282147 0.990441 0.272933 0.995265 0.263719 0.990441 0.255133 0.976298 0.247760 0.953800 0.242103 0.924479 0.238546 0.890335 0.237333 0.853693 0.238546 0.817052 0.242103 0.782907 0.247760 0.753587 0.255133 0.731088 0.263719 0.716945 0.272933 0.712121 0.282147 0.716945 0.290733 0.731088 0.298106 0.753587 0.303764 0.782907 0.307320 0.817052
1 0.343733 0.511837 0.342420 0.548234 0.338571 0.582150 0.332447 0.611274 0.324467 0.633622 0.315173 0.647670 0.305200 0.652462 0.295227 0.647670 0.285933 0.633622 0.277953 0.611274 0.271829 0.582150 0.267980 0.548234 0.266667 0.511837 0.267980 0.475441 0.271829 0.441525 0.277953 0.412400 0.285933 0.390052 0.295227 0.376004 0.305200 0.371212 0.315173 0.376004 0.324467 0.390052 0.332447 0.412400 0.338571 0.441525 0.342420 0.475441
1 0.436000 0.618845 0.434587 0.653771 0.430445 0.686316 0.423855 0.714264 0.415267 0.735709 0.405266 0.749190 0.394533 0.753788 0.383801 0.749190 0.373800 0.735709 0.365212 0.714264 0.358622 0.686316 0.354480 0.653771 0.353067 0.618845 0.354480 0.583919 0.358622 0.551373 0.365212 0.523425 0.373800 0.501980 0.383801 0.488500 0.394533 0.483902 0.405266 0.488500 0.415267 0.501980 0.423855 0.523425 0.430445 0.551373 0.434587 0.583919
1 0.403200 0.861269 0.401787 0.897175 0.397645 0.930634 0.391055 0.959367 0.382467 0.981414 0.372466 0.995273 0.361733 1.000000 0.351001 0.995273 0.341000 0.981414 0.332412 0.959367 0.325822 0.930634 0.321680 0.897175 0.320267 0.861269 0.321680 0.825363 0.325822 0.791903 0.332412 0.763171 0.341000 0.741124 0.351001 0.727265 0.361733 0.722538 0.372466 0.727265 0.382467 0.741124 0.391055 0.763171 0.397645 0.791903 0.401787 0.825363
1 0.483733 0.846117 0.482366 0.885700 0.478356 0.922585 0.471979 0.954259 0.463667 0.978564 0.453987 0.993842 0.443600 0.999053 0.433213 0.993842 0.423533 0.978564 0.415221 0.954259 0.408844 0.922585 0.404834 0.885700 0.403467 0.846117 0.404834 0.806535 0.408844 0.769650 0.415221 0.737976 0.423533 0.713671 0.433213 0.698393 0.443600 0.693182 0.453987 0.698393 0.463667 0.713671 0.471979 0.737976 0.478356 0.769650 0.482366 0.806535
1 0.474933 0.382102 0.473620 0.418499 0.469771 0.452415 0.463647 0.481539 0.455667 0.503887 0.446373 0.517936 0.436400 0.522727 0.426427 0.517936 0.417133 0.503887 0.409153 0.481539 0.403029 0.452415 0.399180 0.418499 0.397867 0.382102 0.399180 0.345706 0.403029 0.311790 0.409153 0.282665 0.417133 0.260317 0.426427 0.246269 0.436400 0.241477 0.446373 0.246269 0.455667 0.260317 0.463647 0.282665 0.469771 0.311790 0.473620 0.345706
1 0.565333 0.334754 0.563920 0.370415 0.559778 0.403646 0.553188 0.432182 0.544600 0.454078 0.534599 0.467843 0.523867 0.472538 0.513134 0.467843 0.503133 0.454078 0.494545 0.432182 0.487955 0.403646 0.483813 0.370415 0.482400 0.334754 0.483813 0.299093 0.487955 0.265862 0.494545 0.237326 0.503133 0.215429 0.513134 0.201665 0.523867 0.196970 0.534599 0.201665 0.544600 0.215429 0.553188 0.237326 0.559778 0.265862 0.563920 0.299093
1 0.578933 0.617898 0.577520 0.652579 0.573378 0.684896 0.566788 0.712647 0.558200 0.733942 0.548199 0.747328 0.537467 0.751894 0.526734 0.747328 0.516733 0.733942 0.508145 0.712647 0.501555 0.684896 0.497413 0.652579 0.496000 0.617898 0.497413 0.583217 0.501555 0.550900 0.508145 0.523148 0.516733 0.501854 0.526734 0.488467 0.537467 0.483902 0.548199 0.488467 0.558200 0.501854 0.566788 0.523148 0.573378 0.550900 0.577520 0.583217
1 0.565333 0.858428 0.563911 0.892374 0.559742 0.924006 0.553110 0.951169 0.544467 0.972012 0.534401 0.985114 0.523600 0.989583 0.512799 0.985114 0.502733 0.972012 0.494090 0.951169 0.487458 0.924006 0.483289 0.892374 0.481867 0.858428 0.483289 0.824483 0.487458 0.792850 0.494090 0.765687 0.502733 0.744844 0.512799 0.731742 0.523600 0.727273 0.534401 0.731742 0.544467 0.744844 0.553110 0.765687 0.559742 0.792850 0.563911 0.824483
1 0.653867 0.320549 0.652263 0.352779 0.647561 0.382812 0.640081 0.408603 0.630333 0.428392 0.618982 0.440833 0.606800 0.445076 0.594618 0.440833 0.583267 0.428392 0.573519 0.408603 0.566039 0.382812 0.561337 0.352779 0.559733 0.320549 0.561337 0.288319 0.566039 0.258286 0.573519 0.232496 0.583267 0.212706 0.594618 0.200266 0.606800 0.196023 0.618982 0.200266 0.630333 0.212706 0.640081 0.232496 0.647561 0.258286 0.652263 0.288319
1 0.654933 0.579072 0.653520 0.612527 0.649378 0.643703 0.642788 0.670474 0.634200 0.691016 0.624199 0.703929 0.613467 0.708333 0.602734 0.703929 0.592733 0.691016 0.584145 0.670474 0.577555 0.643703 0.573413 0.612527 0.572000 0.579072 0.573413 0.545617 0.577555 0.514441 0.584145 0.487670 0.592733 0.467128 0.602734 0.454215 0.613467 0.449811 0.624199 0.454215 0.634200 0.467128 0.642788 0.487670 0.649378 0.514441 0.653520 0.545617
1 0.652800 0.864110 0.651387 0.899281 0.647245 0.932055 0.640655 0.960199 0.632067 0.981794 0.622066 0.995370 0.611333 1.000000 0.600601 0.995370 0.590600 0.981794 0.582012 0.960199 0.575422 0.932055 0.571280 0.899281 0.569867 0.864110 0.571280 0.828939 0.575422 0.796165 0.582012 0.768021 0.590600 0.746426 0.600601 0.732850 0.611333 0.728220 0.622066 0.732850 0.632067 0.746426 0.640655 0.768021 0.647245 0.796165 0.651387 0.828939
1 0.733333 0.281723 0.731920 0.313953 0.727778 0.343987 0.721188 0.369777 0.712600 0.389567 0.702599 0.402007 0.691867 0.406250 0.681134 0.402007 0.671133 0.389567 0.662545 0.369777 0.655955 0.343987 0.651813 0.313953 0.650400 0.281723 0.651813 0.249494 0.655955 0.219460 0.662545 0.193670 0.671133 0.173880 0.681134 0.161440 0.691867 0.157197 0.702599 0.161440 0.712600 0.173880 0.721188 0.193670 0.727778 0.219460 0.731920 0.249494
1 0.738400 0.566761 0.736987 0.598991 0.732845 0.629025 0.726255 0.654815 0.717667 0.674604 0.707666 0.687045 0.696933 0.691288 0.686201 0.687045 0.676200 0.674604 0.667612 0.654815 0.661022 0.629025 0.656880 0.598991 0.655467 0.566761 0.656880 0.534532 0.661022 0.504498 0.667612 0.478708 0.676200 0.458918 0.686201 0.446478 0.696933 0.442235 0.707666 0.446478 0.717667 0.458918 0.726255 0.478708 0.732845 0.504498 0.736987 0.534532
1 0.727733 0.857481 0.726320 0.894368 0.722178 0.928741 0.715588 0.958257 0.707000 0.980906 0.696999 0.995144 0.686267 1.000000 0.675534 0.995144 0.665533 0.980906 0.656945 0.958257 0.650355 0.928741 0.646213 0.894368 0.644800 0.857481 0.646213 0.820594 0.650355 0.786222 0.656945 0.756705 0.665533 0.734056 0.675534 0.719818 0.686267 0.714962 0.696999 0.719818 0.707000 0.734056 0.715588 0.756705 0.722178 0.786222 0.726320 0.820594
1 0.818133 0.255208 0.816720 0.287438 0.812578 0.317472 0.805988 0.343262 0.797400 0.363051 0.787399 0.375492 0.776667 0.379735 0.765934 0.375492 0.755933 0.363051 0.747345 0.343262 0.740755 0.317472 0.736613 0.287438 0.735200 0.255208 0.736613 0.222978 0.740755 0.192945 0.747345 0.167155 0.755933 0.147365 0.765934 0.134925 0.776667 0.130682 0.787399 0.134925 0.797400 0.147365 0.805988 0.167155 0.812578 0.192945 0.816720 0.222978
1 0.824000 0.551610 0.822587 0.583840 0.818445 0.613873 0.811855 0.639663 0.803267 0.659453 0.793266 0.671893 0.782533 0.676136 0.771801 0.671893 0.761800 0.659453 0.753212 0.639663 0.746622 0.613873 0.742480 0.583840 0.741067 0.551610 0.742480 0.519380 0.746622 0.489347 0.753212 0.463556 0.761800 0.443767 0.771801 0.431326 0.782533 0.427083 0.793266 0.431326 0.803267 0.443767 0.811855 0.463556 0.818445 0.489347 0.822587 0.519380
1 0.817067 0.856061 0.815554 0.893315 0.811118 0.928030 0.804062 0.957841 0.794867 0.980716 0.784158 0.995095 0.772667 1.000000 0.761175 0.995095 0.750467 0.980716 0.741271 0.957841 0.734215 0.928030 0.729780 0.893315 0.728267 0.856061 0.729780 0.818806 0.734215 0.784091 0.741271 0.754280 0.750467 0.731405 0.761175 0.717026 0.772667 0.712121 0.784158 0.717026 0.794867 0.731405 0.804062 0.754280 0.811118 0.784091 0.815554 0.818806
1 0.892800 0.140625 0.891387 0.172855 0.887245 0.202888 0.880655 0.228679 0.872067 0.248468 0.862066 0.260908 0.851333 0.265152 0.840601 0.260908 0.830600 0.248468 0.822012 0.228679 0.815422 0.202888 0.811280 0.172855 0.809867 0.140625 0.811280 0.108395 0.815422 0.078362 0.822012 0.052571 0.830600 0.032782 0.840601 0.020342 0.851333 0.016098 0.862066 0.020342 0.872067 0.032782 0.880655 0.052571 0.887245 0.078362 0.891387 0.108395
1 0.980800 0.294034 0.979269 0.336558 0.974780 0.376184 0.967639 0.410211 0.958333 0.436321 0.947496 0.452735 0.935867 0.458333 0.924237 0.452735 0.913400 0.436321 0.904094 0.410211 0.896953 0.376184 0.892464 0.336558 0.890933 0.294034 0.892464 0.251510 0.896953 0.211884 0.904094 0.177857 0.913400 0.151747 0.924237 0.135333 0.935867 0.129735 0.947496 0.135333 0.958333 0.151747 0.967639 0.177857 0.974780 0.211884 0.979269 0.251510
1 0.923467 0.563920 0.921936 0.602033 0.917447 0.637547 0.910306 0.668045 0.901000 0.691446 0.890163 0.706157 0.878533 0.711174 0.866904 0.706157 0.856067 0.691446 0.846761 0.668045 0.839620 0.637547 0.835131 0.602033 0.833600 0.563920 0.835131 0.525808 0.839620 0.490294 0.846761 0.459796 0.856067 0.436395 0.866904 0.421684 0.878533 0.416667 0.890163 0.421684 0.901000 0.436395 0.910306 0.459796 0.917447 0.490294 0.921936 0.525808
1 0.906933 0.846117 0.905384 0.881288 0.900842 0.914062 0.893616 0.942206 0.884200 0.963802 0.873234 0.977377 0.861467 0.982008 0.849699 0.977377 0.838733 0.963802 0.829317 0.942206 0.822091 0.914062 0.817549 0.881288 0.816000 0.846117 0.817549 0.810946 0.822091 0.778172 0.829317 0.750029 0.838733 0.728433 0.849699 0.714858 0.861467 0.710227 0.873234 0.714858 0.884200 0.728433 0.893616 0.750029 0.900842 0.778172 0.905384 0.810946
0 0.070613 0.582008 0.038240 0.548295 0.011973 0.601136 0.008080 0.721212 0.021947 0.768939 0.057653 0.770928 0.074800 0.684091 0.076720 0.621591
0 0.064347 0.789015 0.031813 0.786364 0.022960 0.879072 0.024613 0.919129 0.054107 0.980871 0.071627 0.924811 0.075867 0.880587 0.071707 0.811080
0 0.115253 0.642708 0.108053 0.544129 0.137227 0.569981 0.140160 0.628409 0.134667 0.647064 0.125733 0.651515
0 0.109147 0.752557 0.094027 0.784848 0.081280 0.892045 0.095307 0.996496 0.126347 0.999242 0.148613 0.906818 0.144053 0.796686
0 0.169787 0.397254 0.144347 0.480303 0.145760 0.621307 0.157547 0.658902 0.204053 0.652178 0.249040 0.548580 0.247867 0.441004
0 0.214480 0.768561 0.179040 0.745455 0.147493 0.841288 0.165067 0.906629 0.208827 0.940436 0.227520 0.828504
0 0.274667 0.808144 0.257573 0.842235 0.264773 0.937879 0.279147 0.934375 0.295013 0.910606 0.290373 0.831818
0 0.330640 0.395076 0.307493 0.343466 0.262000 0.401989 0.249333 0.552367 0.260800 0.618750 0.304080 0.680492 0.348240 0.575758
0 0.405707 0.479356 0.384773 0.495455 0.359387 0.563163 0.355040 0.648674 0.381467 0.732481 0.417493 0.721023 0.429573 0.667898 0.432400 0.566004
0 0.372160 0.760606 0.356880 0.771970 0.345760 0.814773 0.342080 0.861553 0.346720 0.941098 0.366853 0.979735 0.390133 0.952273 0.402080 0.887689 0.393413 0.815341
0 0.393973 0.691193 0.387173 0.794508 0.405760 0.969318 0.454827 0.965625 0.486853 0.940530 0.498027 0.731439 0.449867 0.565720
0 0.393200 0.355871 0.395440 0.428125 0.413253 0.489867 0.453733 0.519981 0.468213 0.456723 0.466293 0.309375 0.418480 0.243371
0 0.577973 0.329545 0.546960 0.173485 0.472480 0.306818 0.521387 0.544886 0.562213 0.484754
0 0.592187 0.591288 0.571413 0.456913 0.523893 0.455682 0.493760 0.502462 0.484720 0.676894 0.520400 0.814678 0.546133 0.843277 0.595787 0.703504
0 0.514773 0.750473 0.530507 0.773864 0.541867 0.878598 0.515013 0.912595 0.499040 0.869981 0.504187 0.768466
0 0.624240 0.297633 0.609413 0.436648 0.595947 0.413731 0.580213 0.355871 0.573627 0.230871 0.600480 0.228788
0 0.613467 0.465909 0.645120 0.496496 0.647867 0.630871 0.624587 0.685227 0.598933 0.670644 0.588027 0.621023 0.586907 0.502652
0 0.631307 0.855492 0.626480 0.932670 0.617573 0.957670 0.598347 0.952178 0.581013 0.895739 0.586853 0.819129 0.609200 0.775284
0 0.690267 0.116288 0.708533 0.122917 0.744187 0.192614 0.746587 0.346402 0.734320 0.393750 0.714240 0.457386 0.678133 0.461932 0.651813 0.398011 0.647653 0.264205 0.656347 0.170170
0 0.714320 0.437405 0.722987 0.500663 0.723307 0.584659 0.713413 0.661553 0.701413 0.673106 0.661440 0.573864 0.679680 0.483523
0 0.653707 0.867140 0.669947 0.790530 0.698667 0.832386 0.701680 0.891288 0.677013 0.969792
0 0.730347 0.130303 0.776160 0.057576 0.806133 0.085985 0.824533 0.224905 0.810027 0.370076 0.785947 0.401610 0.735120 0.344034
0 0.793680 0.416856 0.825360 0.473769 0.799573 0.620170 0.770347 0.619886 0.750747 0.459470
0 0.777307 0.730114 0.733867 0.771780 0.732320 0.952557 0.760640 1.000000 0.788400 1.000000 0.816640 0.905398 0.815813 0.837500
0 0.948827 0.082481 1.000000 0.255398 0.989467 0.378220 0.952880 0.454167 0.935947 0.466667 0.912667 0.438352 0.891067 0.363826 0.899680 0.184848
0 0.867280 0.428409 0.897600 0.434280 0.936640 0.535890 0.909333 0.711837 0.838160 0.732481 0.823493 0.555019 0.844240 0.449432
0 0.856480 0.767803 0.880400 0.846780 0.884613 0.895549 0.860400 0.948485 0.836080 0.887500 0.832960 0.788068
0 0.813040 0.126894 0.849520 0.028883 0.882667 0.061080 0.890667 0.198580 0.858720 0.258239 0.824453 0.257576
