1 0.093030 0.253043 0.091617 0.270916 0.087476 0.287570 0.080888 0.301872 0.072302 0.312846 0.062303 0.319744 0.051574 0.322097 0.040844 0.319744 0.030846 0.312846 0.022260 0.301872 0.015672 0.287570 0.011531 0.270916 0.010118 0.253043 0.011531 0.235170 0.015672 0.218516 0.022260 0.204214 0.030846 0.193240 0.040844 0.186342 0.051574 0.183989 0.062303 0.186342 0.072302 0.193240 0.080888 0.204214 0.087476 0.218516 0.091617 0.235170
1 0.139685 0.088717 0.138368 0.107074 0.134508 0.124181 0.128366 0.138870 0.120363 0.150142 0.111042 0.157227 0.101040 0.159644 0.091038 0.157227 0.081717 0.150142 0.073714 0.138870 0.067572 0.124181 0.063711 0.107074 0.062395 0.088717 0.063711 0.070360 0.067572 0.053254 0.073714 0.038564 0.081717 0.027293 0.091038 0.020207 0.101040 0.017790 0.111042 0.020207 0.120363 0.027293 0.128366 0.038564 0.134508 0.053254 0.138368 0.070360
1 0.120573 0.445459 0.119170 0.463453 0.115057 0.480220 0.108514 0.494619 0.099986 0.505667 0.090055 0.512612 0.079399 0.514981 0.068742 0.512612 0.058811 0.505667 0.050284 0.494619 0.043740 0.480220 0.039627 0.463453 0.038224 0.445459 0.039627 0.427465 0.043740 0.410698 0.050284 0.396299 0.058811 0.385251 0.068742 0.378305 0.079399 0.375936 0.090055 0.378305 0.099986 0.385251 0.108514 0.396299 0.115057 0.410698 0.119170 0.427465
1 0.123665 0.886002 0.122386 0.904238 0.118638 0.921231 0.112675 0.935824 0.104904 0.947021 0.095855 0.954060 0.086144 0.956461 0.076433 0.954060 0.067383 0.947021 0.059612 0.935824 0.053650 0.921231 0.049901 0.904238 0.048623 0.886002 0.049901 0.867766 0.053650 0.850772 0.059612 0.836180 0.067383 0.824983 0.076433 0.817944 0.086144 0.815543 0.095855 0.817944 0.104904 0.824983 0.112675 0.836180 0.118638 0.850772 0.122386 0.867766
1 0.214446 0.894429 0.213168 0.911817 0.209419 0.928020 0.203457 0.941933 0.195686 0.952610 0.186636 0.959321 0.176925 0.961610 0.167214 0.959321 0.158165 0.952610 0.150394 0.941933 0.144431 0.928020 0.140683 0.911817 0.139404 0.894429 0.140683 0.877041 0.144431 0.860838 0.150394 0.846924 0.158165 0.836248 0.167214 0.829536 0.176925 0.827247 0.186636 0.829536 0.195686 0.836248 0.203457 0.846924 0.209419 0.860838 0.213168 0.877041
1 0.203766 0.712313 0.202440 0.731033 0.198551 0.748478 0.192365 0.763459 0.184303 0.774954 0.174915 0.782180 0.164840 0.784644 0.154765 0.782180 0.145377 0.774954 0.137315 0.763459 0.131129 0.748478 0.127240 0.731033 0.125913 0.712313 0.127240 0.693592 0.131129 0.676147 0.137315 0.661167 0.145377 0.649672 0.154765 0.642446 0.164840 0.639981 0.174915 0.642446 0.184303 0.649672 0.192365 0.661167 0.198551 0.676147 0.202440 0.693592
1 0.202642 0.564841 0.201335 0.583562 0.197502 0.601007 0.191405 0.615987 0.183460 0.627482 0.174207 0.634708 0.164278 0.637172 0.154348 0.634708 0.145096 0.627482 0.137150 0.615987 0.131053 0.601007 0.127221 0.583562 0.125913 0.564841 0.127221 0.546120 0.131053 0.528675 0.137150 0.513695 0.145096 0.502200 0.154348 0.494974 0.164278 0.492509 0.174207 0.494974 0.183460 0.502200 0.191405 0.513695 0.197502 0.528675 0.201335 0.546120
1 0.224002 0.415496 0.222666 0.433975 0.218749 0.451194 0.212519 0.465980 0.204399 0.477326 0.194942 0.484459 0.184795 0.486891 0.174647 0.484459 0.165191 0.477326 0.157071 0.465980 0.150840 0.451194 0.146923 0.433975 0.145587 0.415496 0.146923 0.397018 0.150840 0.379799 0.157071 0.365012 0.165191 0.353666 0.174647 0.346534 0.184795 0.344101 0.194942 0.346534 0.204399 0.353666 0.212519 0.365012 0.218749 0.379799 0.222666 0.397018
1 0.207701 0.273174 0.206365 0.291047 0.202448 0.307701 0.196217 0.322003 0.188097 0.332977 0.178641 0.339876 0.168494 0.342228 0.158346 0.339876 0.148890 0.332977 0.140770 0.322003 0.134539 0.307701 0.130622 0.291047 0.129286 0.273174 0.130622 0.255302 0.134539 0.238647 0.140770 0.224345 0.148890 0.213371 0.158346 0.206473 0.168494 0.204120 0.178641 0.206473 0.188097 0.213371 0.196217 0.224345 0.202448 0.238647 0.206365 0.255302
1 0.229342 0.120552 0.228006 0.139637 0.224090 0.157420 0.217859 0.172692 0.209739 0.184410 0.200283 0.191776 0.190135 0.194288 0.179987 0.191776 0.170531 0.184410 0.162411 0.172692 0.156180 0.157420 0.152263 0.139637 0.150927 0.120552 0.152263 0.101468 0.156180 0.083684 0.162411 0.068413 0.170531 0.056695 0.179987 0.049329 0.190135 0.046816 0.200283 0.049329 0.209739 0.056695 0.217859 0.068413 0.224090 0.083684 0.228006 0.101468
1 0.333052 0.205758 0.331496 0.224722 0.326933 0.242392 0.319675 0.257567 0.310216 0.269210 0.299201 0.276530 0.287381 0.279026 0.275560 0.276530 0.264545 0.269210 0.255086 0.257567 0.247828 0.242392 0.243265 0.224722 0.241709 0.205758 0.243265 0.186795 0.247828 0.169125 0.255086 0.153950 0.264545 0.142307 0.275560 0.134987 0.287381 0.132491 0.299201 0.134987 0.310216 0.142307 0.319675 0.153950 0.326933 0.169125 0.331496 0.186795
1 0.328555 0.384597 0.327114 0.403560 0.322888 0.421231 0.316166 0.436406 0.307406 0.448049 0.297204 0.455369 0.286256 0.457865 0.275309 0.455369 0.265107 0.448049 0.256346 0.436406 0.249624 0.421231 0.245399 0.403560 0.243957 0.384597 0.245399 0.365634 0.249624 0.347963 0.256346 0.332789 0.265107 0.321146 0.275309 0.313826 0.286256 0.311330 0.297204 0.313826 0.307406 0.321146 0.316166 0.332789 0.322888 0.347963 0.327114 0.365634
1 0.299607 0.527388 0.298175 0.545987 0.293977 0.563319 0.287300 0.578203 0.278598 0.589623 0.268464 0.596802 0.257589 0.599251 0.246713 0.596802 0.236580 0.589623 0.227877 0.578203 0.221200 0.563319 0.217002 0.545987 0.215571 0.527388 0.217002 0.508788 0.221200 0.491456 0.227877 0.476573 0.236580 0.465152 0.246713 0.457973 0.257589 0.455524 0.268464 0.457973 0.278598 0.465152 0.287300 0.476573 0.293977 0.491456 0.298175 0.508788
1 0.295672 0.702949 0.294317 0.720458 0.290344 0.736774 0.284023 0.750785 0.275787 0.761536 0.266195 0.768294 0.255902 0.770599 0.245609 0.768294 0.236017 0.761536 0.227781 0.750785 0.221461 0.736774 0.217488 0.720458 0.216133 0.702949 0.217488 0.685440 0.221461 0.669125 0.227781 0.655114 0.236017 0.644363 0.245609 0.637605 0.255902 0.635300 0.266195 0.637605 0.275787 0.644363 0.284023 0.655114 0.290344 0.669125 0.294317 0.685440
1 0.309162 0.885066 0.307798 0.903059 0.303797 0.919827 0.297432 0.934225 0.289137 0.945274 0.279478 0.952219 0.269112 0.954588 0.258746 0.952219 0.249087 0.945274 0.240792 0.934225 0.234427 0.919827 0.230426 0.903059 0.229061 0.885066 0.230426 0.867072 0.234427 0.850304 0.240792 0.835906 0.249087 0.824857 0.258746 0.817912 0.269112 0.815543 0.279478 0.817912 0.289137 0.824857 0.297432 0.835906 0.303797 0.850304 0.307798 0.867072
1 0.413435 0.263811 0.411955 0.282774 0.407617 0.300445 0.400716 0.315619 0.391723 0.327263 0.381250 0.334582 0.370011 0.337079 0.358772 0.334582 0.348300 0.327263 0.339306 0.315619 0.332406 0.300445 0.328068 0.282774 0.326588 0.263811 0.328068 0.244848 0.332406 0.227177 0.339306 0.212003 0.348300 0.200359 0.358772 0.193040 0.370011 0.190543 0.381250 0.193040 0.391723 0.200359 0.400716 0.212003 0.407617 0.227177 0.411955 0.244848
1 0.418212 0.431882 0.416790 0.450845 0.412621 0.468516 0.405988 0.483690 0.397344 0.495334 0.387278 0.502653 0.376476 0.505150 0.365673 0.502653 0.355607 0.495334 0.346963 0.483690 0.340330 0.468516 0.336161 0.450845 0.334739 0.431882 0.336161 0.412919 0.340330 0.395248 0.346963 0.380074 0.355607 0.368430 0.365673 0.361111 0.376476 0.358614 0.387278 0.361111 0.397344 0.368430 0.405988 0.380074 0.412621 0.395248 0.416790 0.412919
1 0.403879 0.595740 0.402399 0.614703 0.398061 0.632374 0.391160 0.647548 0.382167 0.659191 0.371694 0.666511 0.360455 0.669007 0.349217 0.666511 0.338744 0.659191 0.329750 0.647548 0.322850 0.632374 0.318512 0.614703 0.317032 0.595740 0.318512 0.576777 0.322850 0.559106 0.329750 0.543932 0.338744 0.532288 0.349217 0.524968 0.360455 0.522472 0.371694 0.524968 0.382167 0.532288 0.391160 0.543932 0.398061 0.559106 0.402399 0.576777
1 0.388420 0.743680 0.386979 0.762279 0.382753 0.779611 0.376031 0.794495 0.367271 0.805915 0.357069 0.813094 0.346121 0.815543 0.335174 0.813094 0.324972 0.805915 0.316211 0.794495 0.309489 0.779611 0.305264 0.762279 0.303822 0.743680 0.305264 0.725080 0.309489 0.707748 0.316211 0.692865 0.324972 0.681444 0.335174 0.674265 0.346121 0.671816 0.357069 0.674265 0.367271 0.681444 0.376031 0.692865 0.382753 0.707748 0.386979 0.725080
1 0.477515 0.758661 0.476036 0.777382 0.471698 0.794827 0.464797 0.809807 0.455804 0.821302 0.445331 0.828528 0.434092 0.830993 0.422853 0.828528 0.412381 0.821302 0.403387 0.809807 0.396487 0.794827 0.392149 0.777382 0.390669 0.758661 0.392149 0.739940 0.396487 0.722495 0.403387 0.707515 0.412381 0.696020 0.422853 0.688794 0.434092 0.686330 0.445331 0.688794 0.455804 0.696020 0.464797 0.707515 0.471698 0.722495 0.476036 0.739940
1 0.497752 0.540496 0.496243 0.560186 0.491821 0.578535 0.484786 0.594291 0.475618 0.606381 0.464942 0.613981 0.453485 0.616573 0.442028 0.613981 0.431352 0.606381 0.422184 0.594291 0.415149 0.578535 0.410727 0.560186 0.409219 0.540496 0.410727 0.520806 0.415149 0.502458 0.422184 0.486702 0.431352 0.474612 0.442028 0.467012 0.453485 0.464419 0.464942 0.467012 0.475618 0.474612 0.484786 0.486702 0.491821 0.502458 0.496243 0.520806
1 0.496065 0.341058 0.494576 0.360627 0.490210 0.378862 0.483265 0.394521 0.474213 0.406537 0.463672 0.414090 0.452361 0.416667 0.441049 0.414090 0.430509 0.406537 0.421457 0.394521 0.414512 0.378862 0.410146 0.360627 0.408657 0.341058 0.410146 0.321489 0.414512 0.303254 0.421457 0.287595 0.430509 0.275579 0.441049 0.268026 0.452361 0.265449 0.463672 0.268026 0.474213 0.275579 0.483265 0.287595 0.490210 0.303254 0.494576 0.321489
1 0.580663 0.431882 0.579107 0.451572 0.574544 0.469920 0.567286 0.485676 0.557827 0.497766 0.546812 0.505367 0.534992 0.507959 0.523171 0.505367 0.512156 0.497766 0.502697 0.485676 0.495439 0.469920 0.490876 0.451572 0.489320 0.431882 0.490876 0.412192 0.495439 0.393844 0.502697 0.378088 0.512156 0.365998 0.523171 0.358397 0.534992 0.355805 0.546812 0.358397 0.557827 0.365998 0.567286 0.378088 0.574544 0.393844 0.579107 0.412192
1 0.584598 0.602294 0.583061 0.622105 0.578555 0.640566 0.571386 0.656419 0.562043 0.668584 0.551164 0.676231 0.539488 0.678839 0.527813 0.676231 0.516934 0.668584 0.507591 0.656419 0.500422 0.640566 0.495916 0.622105 0.494379 0.602294 0.495916 0.582483 0.500422 0.564022 0.507591 0.548169 0.516934 0.536004 0.527813 0.528357 0.539488 0.525749 0.551164 0.528357 0.562043 0.536004 0.571386 0.548169 0.578555 0.564022 0.583061 0.582483
1 0.580944 0.768493 0.579398 0.787698 0.574863 0.805595 0.567650 0.820963 0.558249 0.832755 0.547302 0.840168 0.535554 0.842697 0.523806 0.840168 0.512858 0.832755 0.503458 0.820963 0.496244 0.805595 0.491710 0.787698 0.490163 0.768493 0.491710 0.749287 0.496244 0.731390 0.503458 0.716022 0.512858 0.704230 0.523806 0.696817 0.535554 0.694288 0.547302 0.696817 0.558249 0.704230 0.567650 0.716022 0.574863 0.731390 0.579398 0.749287
1 0.575885 0.926966 0.574339 0.945869 0.569804 0.963483 0.562591 0.978609 0.553190 0.990215 0.542243 0.997511 0.530495 1.000000 0.518747 0.997511 0.507799 0.990215 0.498399 0.978609 0.491185 0.963483 0.486651 0.945869 0.485104 0.926966 0.486651 0.908064 0.491185 0.890449 0.498399 0.875324 0.507799 0.863717 0.518747 0.856421 0.530495 0.853933 0.542243 0.856421 0.553190 0.863717 0.562591 0.875324 0.569804 0.890449 0.574339 0.908064
1 0.672288 0.504448 0.670751 0.524380 0.666244 0.542954 0.659076 0.558904 0.649733 0.571143 0.638853 0.578837 0.627178 0.581461 0.615503 0.578837 0.604623 0.571143 0.595281 0.558904 0.588112 0.542954 0.583606 0.524380 0.582069 0.504448 0.583606 0.484515 0.588112 0.465941 0.595281 0.449991 0.604623 0.437752 0.615503 0.430059 0.627178 0.427434 0.638853 0.430059 0.649733 0.437752 0.659076 0.449991 0.666244 0.465941 0.670751 0.484515
1 0.727656 0.671114 0.726061 0.690441 0.721387 0.708450 0.713950 0.723916 0.704258 0.735782 0.692972 0.743242 0.680860 0.745787 0.668748 0.743242 0.657462 0.735782 0.647770 0.723916 0.640334 0.708450 0.635659 0.690441 0.634064 0.671114 0.635659 0.651788 0.640334 0.633778 0.647770 0.618313 0.657462 0.606446 0.668748 0.598986 0.680860 0.596442 0.692972 0.598986 0.704258 0.606446 0.713950 0.618313 0.721387 0.633778 0.726061 0.651788
1 0.675660 0.893024 0.674095 0.912351 0.669504 0.930360 0.662201 0.945826 0.652684 0.957692 0.641601 0.965152 0.629708 0.967697 0.617814 0.965152 0.606731 0.957692 0.597214 0.945826 0.589911 0.930360 0.585321 0.912351 0.583755 0.893024 0.585321 0.873698 0.589911 0.855688 0.597214 0.840223 0.606731 0.828356 0.617814 0.820896 0.629708 0.818352 0.641601 0.820896 0.652684 0.828356 0.662201 0.840223 0.669504 0.855688 0.674095 0.873698
1 0.813940 0.759129 0.812308 0.778819 0.807520 0.797168 0.799905 0.812924 0.789980 0.825014 0.778423 0.832614 0.766020 0.835206 0.753618 0.832614 0.742060 0.825014 0.732136 0.812924 0.724520 0.797168 0.719733 0.778819 0.718100 0.759129 0.719733 0.739439 0.724520 0.721091 0.732136 0.705335 0.742060 0.693245 0.753618 0.685645 0.766020 0.683052 0.778423 0.685645 0.789980 0.693245 0.799905 0.705335 0.807520 0.721091 0.812308 0.739439
1 0.772625 0.900983 0.771069 0.920310 0.766506 0.938319 0.759248 0.953784 0.749789 0.965651 0.738774 0.973111 0.726953 0.975655 0.715133 0.973111 0.704117 0.965651 0.694659 0.953784 0.687400 0.938319 0.682838 0.920310 0.681282 0.900983 0.682838 0.881657 0.687400 0.863647 0.694659 0.848182 0.704117 0.836315 0.715133 0.828855 0.726953 0.826311 0.738774 0.828855 0.749789 0.836315 0.759248 0.848182 0.766506 0.863647 0.771069 0.881657
1 0.882237 0.883661 0.880595 0.903836 0.875779 0.922636 0.868119 0.938780 0.858137 0.951167 0.846511 0.958954 0.834036 0.961610 0.821561 0.958954 0.809935 0.951167 0.799953 0.938780 0.792292 0.922636 0.787477 0.903836 0.785835 0.883661 0.787477 0.863486 0.792292 0.844686 0.799953 0.828542 0.809935 0.816155 0.821561 0.808368 0.834036 0.805712 0.846511 0.808368 0.858137 0.816155 0.868119 0.828542 0.875779 0.844686 0.880595 0.863486
1 0.978640 0.892088 0.976997 0.912020 0.972182 0.930595 0.964522 0.946545 0.954539 0.958783 0.942914 0.966477 0.930438 0.969101 0.917963 0.966477 0.906338 0.958783 0.896355 0.946545 0.888695 0.930595 0.883880 0.912020 0.882237 0.892088 0.883880 0.872156 0.888695 0.853581 0.896355 0.837632 0.906338 0.825393 0.917963 0.817699 0.930438 0.815075 0.942914 0.817699 0.954539 0.825393 0.964522 0.837632 0.972182 0.853581 0.976997 0.872156
0 0.051265 0.888904 0.057251 0.929120 0.095925 0.937594 0.108909 0.894242 0.079370 0.859878
0 0.131478 0.971348 0.174958 1.000000 0.201883 0.969757 0.201911 0.876826 0.159050 0.797097 0.121220 0.832163 0.106689 0.921723
0 0.229258 0.837360 0.194379 0.904260 0.264643 0.936096 0.296740 0.919195 0.321501 0.871301 0.277544 0.803230
0 0.517594 1.000000 0.561411 0.976030 0.549354 0.923502 0.521248 0.892978 0.499550 0.942697
0 0.591709 0.877060 0.618156 0.986517 0.656183 0.970552 0.668746 0.911423 0.642833 0.814326
0 0.671585 0.894897 0.694126 0.982537 0.755171 0.977294 0.783108 0.889279 0.754722 0.825281 0.718381 0.795740 0.678808 0.824532
0 0.755818 0.937172 0.807673 0.787360 0.867397 0.779869 0.937381 0.906601 0.862760 1.000000
0 1.000000 0.890777 0.995053 0.954307 0.944182 1.000000 0.866414 0.916105 0.921641 0.841994
0 0.806802 0.745646 0.802642 0.794850 0.747246 0.814841 0.742636 0.729869 0.787830 0.702013
0 0.651546 0.748549 0.698061 0.752341 0.734036 0.703043 0.734233 0.643820 0.673496 0.593773 0.631675 0.633708
0 0.587071 0.765496 0.583755 0.803745 0.551012 0.867556 0.509893 0.841667 0.491203 0.729869 0.513013 0.697659 0.560905 0.693867
0 0.432912 0.801545 0.461748 0.771067 0.451658 0.730618 0.426925 0.740403 0.423665 0.772800
0 0.350787 0.801077 0.360624 0.749251 0.340585 0.716667 0.327825 0.731929 0.315149 0.787266
0 0.220320 0.727528 0.238954 0.743493 0.269955 0.738062 0.270349 0.702013 0.255087 0.671255 0.230691 0.690824
0 0.173103 0.677013 0.186144 0.705056 0.187071 0.738811 0.177206 0.765028 0.139207 0.779213 0.120658 0.747706 0.117510 0.718024 0.129820 0.668586
0 0.077993 0.602341 0.149213 0.692088 0.238983 0.644663 0.204384 0.441433 0.115739 0.450609
0 0.272203 0.466011 0.231535 0.484363 0.218803 0.575983 0.273581 0.595974 0.288083 0.580805 0.291259 0.504213
0 0.330101 0.566620 0.319224 0.614794 0.367257 0.659176 0.397836 0.643258 0.386565 0.543961 0.352558 0.517978
0 0.417538 0.556320 0.417594 0.472659 0.495812 0.505431 0.491906 0.603792 0.441287 0.612781
0 0.521585 0.706742 0.563940 0.683006 0.591653 0.640449 0.600450 0.572940 0.530298 0.506320 0.485104 0.620131
0 0.626194 0.546489 0.594632 0.538858 0.588420 0.491245 0.613435 0.460440 0.648960 0.478933 0.644238 0.510534
0 0.525211 0.443071 0.526054 0.462781 0.549859 0.453886 0.558432 0.416479 0.536818 0.404120
0 0.432771 0.419148 0.489460 0.331742 0.480691 0.275515 0.450450 0.253230 0.417931 0.261751 0.403120 0.371021
0 0.337577 0.380524 0.412901 0.368212 0.425379 0.489981 0.378696 0.507912 0.322485 0.463577
0 0.294013 0.391526 0.275351 0.387734 0.272794 0.372191 0.288983 0.359644 0.297358 0.373127
0 0.141849 0.456320 0.142945 0.386049 0.180523 0.358427 0.198314 0.393212 0.196121 0.435908 0.179427 0.458614
0 0.031816 0.422566 0.040613 0.462172 0.068184 0.504822 0.117903 0.452903 0.104244 0.399298 0.071360 0.378558
0 0.149607 0.241807 0.140697 0.268539 0.145166 0.312313 0.174902 0.326264 0.198482 0.310674 0.204103 0.255478
0 0.345222 0.211049 0.385020 0.236049 0.402698 0.280478 0.361158 0.317790 0.327263 0.298034 0.321501 0.252013
0 0.330438 0.262313 0.334486 0.142369 0.288842 0.133521 0.263378 0.155852 0.258263 0.218399 0.272878 0.257772
0 0.197246 0.046723 0.154806 0.146114 0.180129 0.185815 0.211102 0.209316 0.230073 0.104822 0.209781 0.042978
0 0.101462 0.070365 0.118578 0.085159 0.105537 0.120084 0.078865 0.075843
0 0.000000 0.192228 0.000000 0.284597 0.034120 0.364326 0.099916 0.316198 0.095250 0.244569 0.079286 0.197987