1 0.452481 0.102482 0.450553 0.116602 0.444898 0.129760 0.435903 0.141060 0.424181 0.149730 0.410530 0.155180 0.395881 0.157039 0.381231 0.155180 0.367580 0.149730 0.355858 0.141060 0.346863 0.129760 0.341209 0.116602 0.339280 0.102482 0.341209 0.088361 0.346863 0.075203 0.355858 0.063904 0.367580 0.055234 0.381231 0.049784 0.395881 0.047925 0.410530 0.049784 0.424181 0.055234 0.435903 0.063904 0.444898 0.075203 0.450553 0.088361
1 0.447616 0.234703 0.445068 0.254360 0.437599 0.272679 0.425718 0.288409 0.410234 0.300479 0.392202 0.308067 0.372851 0.310655 0.353501 0.308067 0.335469 0.300479 0.319984 0.288409 0.308103 0.272679 0.300634 0.254360 0.298086 0.234703 0.300634 0.215045 0.308103 0.196727 0.319984 0.180996 0.335469 0.168926 0.353501 0.161339 0.372851 0.158751 0.392202 0.161339 0.410234 0.168926 0.425718 0.180996 0.437599 0.196727 0.445068 0.215045
1 0.301654 0.420411 0.299085 0.442505 0.291551 0.463094 0.279566 0.480774 0.263947 0.494340 0.245759 0.502868 0.226241 0.505777 0.206722 0.502868 0.188534 0.494340 0.172915 0.480774 0.160931 0.463094 0.153397 0.442505 0.150827 0.420411 0.153397 0.398316 0.160931 0.377728 0.172915 0.360048 0.188534 0.346482 0.206722 0.337954 0.226241 0.335045 0.245759 0.337954 0.263947 0.346482 0.279566 0.360048 0.291551 0.377728 0.299085 0.398316
1 0.249432 0.602268 0.246299 0.628238 0.237113 0.652439 0.222499 0.673221 0.203454 0.689167 0.181276 0.699191 0.157476 0.702610 0.133677 0.699191 0.111499 0.689167 0.092454 0.673221 0.077840 0.652439 0.068654 0.628238 0.065521 0.602268 0.068654 0.576297 0.077840 0.552097 0.092454 0.531315 0.111499 0.515369 0.133677 0.505345 0.157476 0.501926 0.181276 0.505345 0.203454 0.515369 0.222499 0.531315 0.237113 0.552097 0.246299 0.576297
1 0.171262 0.831622 0.168438 0.861579 0.160159 0.889495 0.146989 0.913467 0.129825 0.931861 0.109837 0.943424 0.088388 0.947368 0.066939 0.943424 0.046951 0.931861 0.029787 0.913467 0.016617 0.889495 0.008338 0.861579 0.005514 0.831622 0.008338 0.801664 0.016617 0.773748 0.029787 0.749776 0.046951 0.731382 0.066939 0.719819 0.088388 0.715875 0.109837 0.719819 0.129825 0.731382 0.146989 0.749776 0.160159 0.773748 0.168438 0.801664
1 0.452806 0.413564 0.450170 0.436102 0.442441 0.457103 0.430148 0.475137 0.414126 0.488976 0.395468 0.497675 0.375446 0.500642 0.355424 0.497675 0.336766 0.488976 0.320744 0.475137 0.308451 0.457103 0.300722 0.436102 0.298086 0.413564 0.300722 0.391027 0.308451 0.370026 0.320744 0.351991 0.336766 0.338153 0.355424 0.329454 0.375446 0.326487 0.395468 0.329454 0.414126 0.338153 0.430148 0.351991 0.442441 0.370026 0.450170 0.391027
1 0.461563 0.624519 0.458441 0.650157 0.449287 0.674048 0.434725 0.694564 0.415748 0.710306 0.393648 0.720202 0.369932 0.723577 0.346216 0.720202 0.324116 0.710306 0.305139 0.694564 0.290577 0.674048 0.281423 0.650157 0.278300 0.624519 0.281423 0.598880 0.290577 0.574989 0.305139 0.554474 0.324116 0.538731 0.346216 0.528835 0.369932 0.525460 0.393648 0.528835 0.415748 0.538731 0.434725 0.554474 0.449287 0.574989 0.458441 0.598880
1 0.372689 0.822208 0.369467 0.853937 0.360022 0.883504 0.344996 0.908894 0.325414 0.928377 0.302610 0.940624 0.278138 0.944801 0.253667 0.940624 0.230863 0.928377 0.211281 0.908894 0.196255 0.883504 0.186809 0.853937 0.183587 0.822208 0.186809 0.790479 0.196255 0.760911 0.211281 0.735522 0.230863 0.716039 0.253667 0.703792 0.278138 0.699615 0.302610 0.703792 0.325414 0.716039 0.344996 0.735522 0.360022 0.760911 0.369467 0.790479
1 0.602660 0.120026 0.600411 0.135475 0.593816 0.149872 0.583327 0.162234 0.569656 0.171720 0.553737 0.177684 0.536653 0.179718 0.519569 0.177684 0.503649 0.171720 0.489979 0.162234 0.479489 0.149872 0.472895 0.135475 0.470645 0.120026 0.472895 0.104576 0.479489 0.090180 0.489979 0.077817 0.503649 0.068331 0.519569 0.062368 0.536653 0.060334 0.553737 0.062368 0.569656 0.068331 0.583327 0.077817 0.593816 0.090180 0.600411 0.104576
1 0.734025 0.113607 0.731964 0.129943 0.725921 0.145165 0.716307 0.158236 0.703779 0.168266 0.689189 0.174572 0.673532 0.176722 0.657876 0.174572 0.643286 0.168266 0.630757 0.158236 0.621144 0.145165 0.615100 0.129943 0.613039 0.113607 0.615100 0.097272 0.621144 0.082050 0.630757 0.068978 0.643286 0.058948 0.657876 0.052643 0.673532 0.050492 0.689189 0.052643 0.703779 0.058948 0.716307 0.068978 0.725921 0.082050 0.731964 0.097272
1 0.597794 0.236414 0.595335 0.251974 0.588125 0.266474 0.576656 0.278925 0.561709 0.288479 0.544303 0.294485 0.525624 0.296534 0.506945 0.294485 0.489539 0.288479 0.474593 0.278925 0.463123 0.266474 0.455914 0.251974 0.453454 0.236414 0.455914 0.220854 0.463123 0.206354 0.474593 0.193903 0.489539 0.184349 0.506945 0.178343 0.525624 0.176294 0.544303 0.178343 0.561709 0.184349 0.576656 0.193903 0.588125 0.206354 0.595335 0.220854
1 0.754784 0.248823 0.752458 0.265823 0.745637 0.281665 0.734786 0.295268 0.720645 0.305706 0.704178 0.312268 0.686507 0.314506 0.668835 0.312268 0.652368 0.305706 0.638227 0.295268 0.627376 0.281665 0.620556 0.265823 0.618229 0.248823 0.620556 0.231823 0.627376 0.215982 0.638227 0.202379 0.652368 0.191941 0.668835 0.185379 0.686507 0.183141 0.704178 0.185379 0.720645 0.191941 0.734786 0.202379 0.745637 0.215982 0.752458 0.231823
1 0.614337 0.411425 0.611767 0.435513 0.604233 0.457959 0.592249 0.477234 0.576630 0.492024 0.558442 0.501322 0.538923 0.504493 0.519405 0.501322 0.501216 0.492024 0.485598 0.477234 0.473613 0.457959 0.466079 0.435513 0.463510 0.411425 0.466079 0.387337 0.473613 0.364891 0.485598 0.345616 0.501216 0.330826 0.519405 0.321528 0.538923 0.318357 0.558442 0.321528 0.576630 0.330826 0.592249 0.345616 0.604233 0.364891 0.611767 0.387337
1 0.774570 0.423834 0.771945 0.447479 0.764249 0.469512 0.752007 0.488433 0.736053 0.502951 0.717473 0.512078 0.697535 0.515190 0.677597 0.512078 0.659017 0.502951 0.643063 0.488433 0.630820 0.469512 0.623124 0.447479 0.620500 0.423834 0.623124 0.400189 0.630820 0.378156 0.643063 0.359235 0.659017 0.344717 0.677597 0.335590 0.697535 0.332478 0.717473 0.335590 0.736053 0.344717 0.752007 0.359235 0.764249 0.378156 0.771945 0.400189
1 0.560493 0.834189 0.557603 0.868244 0.549129 0.899979 0.535650 0.927229 0.518083 0.948140 0.497626 0.961285 0.475673 0.965768 0.453720 0.961285 0.433263 0.948140 0.415696 0.927229 0.402217 0.899979 0.393743 0.868244 0.390853 0.834189 0.393743 0.800134 0.402217 0.768400 0.415696 0.741149 0.433263 0.720238 0.453720 0.707094 0.475673 0.702610 0.497626 0.707094 0.518083 0.720238 0.535650 0.741149 0.549129 0.768400 0.557603 0.800134
1 0.820305 0.620240 0.817238 0.647207 0.808246 0.672336 0.793942 0.693915 0.775300 0.710474 0.753591 0.720883 0.730295 0.724433 0.706999 0.720883 0.685290 0.710474 0.666649 0.693915 0.652344 0.672336 0.643352 0.647207 0.640285 0.620240 0.643352 0.593272 0.652344 0.568143 0.666649 0.546564 0.685290 0.530005 0.706999 0.519597 0.730295 0.516046 0.753591 0.519597 0.775300 0.530005 0.793942 0.546564 0.808246 0.568143 0.817238 0.593272
1 0.764515 0.850449 0.761161 0.879631 0.751326 0.906825 0.735682 0.930177 0.715294 0.948095 0.691551 0.959359 0.666072 0.963201 0.640593 0.959359 0.616850 0.948095 0.596462 0.930177 0.580818 0.906825 0.570983 0.879631 0.567629 0.850449 0.570983 0.821267 0.580818 0.794074 0.596462 0.770722 0.616850 0.752804 0.640593 0.741540 0.666072 0.737698 0.691551 0.741540 0.715294 0.752804 0.735682 0.770722 0.751326 0.794074 0.761161 0.821267
1 0.957509 0.855156 0.954431 0.887993 0.945406 0.918592 0.931051 0.944868 0.912342 0.965031 0.890555 0.977705 0.867175 0.982028 0.843795 0.977705 0.822008 0.965031 0.803299 0.944868 0.788943 0.918592 0.779919 0.887993 0.776841 0.855156 0.779919 0.822319 0.788943 0.791720 0.803299 0.765444 0.822008 0.745282 0.843795 0.732607 0.867175 0.728284 0.890555 0.732607 0.912342 0.745282 0.931051 0.765444 0.945406 0.791720 0.954431 0.822319
0 0.184533 0.034972 0.234167 0.015735 0.285560 0.041792 0.319373 0.099308 0.338528 0.160040 0.286774 0.272670 0.274220 0.293967 0.182043 0.213071 0.147688 0.162295
1 0.305949 0.142638 0.303989 0.157279 0.298244 0.170921 0.289105 0.182636 0.277194 0.191625 0.263323 0.197276 0.248439 0.199204 0.233554 0.197276 0.219683 0.191625 0.207773 0.182636 0.198633 0.170921 0.192888 0.157279 0.190928 0.142638 0.192888 0.127998 0.198633 0.114356 0.207773 0.102641 0.219683 0.093652 0.233554 0.088001 0.248439 0.086073 0.263323 0.088001 0.277194 0.093652 0.289105 0.102641 0.298244 0.114356 0.303989 0.127998
0 0.346124 0.119598 0.378787 0.043731 0.415180 0.067779 0.426922 0.125332 0.417159 0.139495 0.397275 0.147754 0.372754 0.143774
0 0.537301 0.077878 0.553552 0.087848 0.593091 0.127514 0.581609 0.153059 0.542167 0.176594 0.496497 0.150321 0.511612 0.099016
0 0.621894 0.057253 0.609536 0.106889 0.627765 0.151220 0.668343 0.167565 0.698054 0.162430 0.732306 0.125546 0.723808 0.045914 0.676873 0.016389
0 0.310574 0.164313 0.346481 0.117501 0.377035 0.114078 0.423224 0.136543 0.424424 0.233119 0.362050 0.275567 0.311709 0.273385
0 0.478106 0.251348 0.503179 0.217415 0.557444 0.233376 0.570581 0.253145 0.553065 0.278306 0.517613 0.293496 0.486053 0.282798
0 0.661628 0.208729 0.706617 0.224775 0.734187 0.293496 0.688031 0.307403 0.645864 0.297818 0.628900 0.248438
0 0.200227 0.357724 0.174862 0.372871 0.169737 0.440094 0.202692 0.484810 0.248394 0.484596 0.292021 0.447454 0.279598 0.354215
0 0.357866 0.350407 0.308077 0.401540 0.327960 0.467394 0.376614 0.486393 0.415407 0.462516 0.422608 0.384810 0.384593 0.350193
0 0.438664 0.429910 0.457963 0.537142 0.506455 0.579290 0.612358 0.518357 0.641421 0.403594 0.540415 0.289902 0.472105 0.330295
0 0.743918 0.400043 0.766299 0.446341 0.741803 0.493825 0.682971 0.512794 0.649984 0.473470 0.643399 0.433804 0.675738 0.404322
0 0.181414 0.491442 0.271651 0.553830 0.230847 0.644245 0.200714 0.680787 0.115958 0.677065 0.082614 0.593967 0.127311 0.477407
0 0.283587 0.633590 0.305352 0.553744 0.377100 0.503766 0.442329 0.548010 0.448103 0.666667 0.407363 0.711639 0.292475 0.691185
0 0.752060 0.591142 0.771424 0.609884 0.784106 0.640180 0.782225 0.676979 0.767888 0.690672 0.722575 0.660334 0.703373 0.610997
0 0.104573 0.705306 0.179403 0.757082 0.188518 0.838040 0.151995 0.885751 0.093610 0.910013 0.042880 0.855413 0.046870 0.785922
0 0.146286 0.850364 0.164677 0.907018 0.196756 0.934446 0.289329 0.932863 0.350438 0.885195 0.376062 0.763500 0.259390 0.678862 0.175446 0.729825
0 0.458158 0.756140 0.505968 0.799957 0.502368 0.889859 0.452384 0.911510 0.403600 0.878733 0.423678 0.776936
0 0.581868 0.774069 0.601557 0.726316 0.687350 0.746898 0.734642 0.794181 0.752514 0.882884 0.694616 0.948609 0.615569 0.947540 0.576970 0.885665
0 0.792605 0.819641 0.786572 0.878519 0.840188 0.991100 0.945378 0.994865 0.989361 0.872614 0.913493 0.763885 0.844956 0.740822
