1 0.087958 0.592371 0.086571 0.623653 0.082504 0.652803 0.076035 0.677835 0.067605 0.697043 0.057787 0.709117 0.047251 0.713235 0.036716 0.709117 0.026898 0.697043 0.018467 0.677835 0.011998 0.652803 0.007932 0.623653 0.006544 0.592371 0.007932 0.561089 0.011998 0.531939 0.018467 0.506908 0.026898 0.487700 0.036716 0.475626 0.047251 0.471507 0.057787 0.475626 0.067605 0.487700 0.076035 0.506908 0.082504 0.531939 0.086571 0.561089
1 0.080628 0.846048 0.079255 0.881136 0.075227 0.913833 0.068821 0.941910 0.060471 0.963455 0.050748 0.976998 0.040314 0.981618 0.029880 0.976998 0.020157 0.963455 0.011808 0.941910 0.005401 0.913833 0.001374 0.881136 0.000000 0.846048 0.001374 0.810960 0.005401 0.778263 0.011808 0.750185 0.020157 0.728641 0.029880 0.715097 0.040314 0.710478 0.050748 0.715097 0.060471 0.728641 0.068821 0.750185 0.075227 0.778263 0.079255 0.810960
1 0.172513 0.547335 0.171099 0.582185 0.166954 0.614660 0.160360 0.642547 0.151767 0.663946 0.141760 0.677397 0.131021 0.681985 0.120282 0.677397 0.110275 0.663946 0.101682 0.642547 0.095088 0.614660 0.090943 0.582185 0.089529 0.547335 0.090943 0.512484 0.095088 0.480009 0.101682 0.452122 0.110275 0.430724 0.120282 0.417272 0.131021 0.412684 0.141760 0.417272 0.151767 0.430724 0.160360 0.452122 0.166954 0.480009 0.171099 0.512484
1 0.153927 0.831342 0.152566 0.867857 0.148578 0.901884 0.142234 0.931104 0.133966 0.953525 0.124338 0.967619 0.114005 0.972426 0.103673 0.967619 0.094045 0.953525 0.085776 0.931104 0.079432 0.901884 0.075444 0.867857 0.074084 0.831342 0.075444 0.794827 0.079432 0.760800 0.085776 0.731580 0.094045 0.709159 0.103673 0.695065 0.114005 0.690257 0.124338 0.695065 0.133966 0.709159 0.142234 0.731580 0.148578 0.760800 0.152566 0.794827
1 0.243455 0.494945 0.242149 0.532174 0.238317 0.566866 0.232223 0.596656 0.224280 0.619516 0.215031 0.633885 0.205105 0.638787 0.195179 0.633885 0.185929 0.619516 0.177987 0.596656 0.171892 0.566866 0.168061 0.532174 0.166754 0.494945 0.168061 0.457716 0.171892 0.423024 0.177987 0.393233 0.185929 0.370374 0.195179 0.356004 0.205105 0.351103 0.215031 0.356004 0.224280 0.370374 0.232223 0.393233 0.238317 0.423024 0.242149 0.457716
1 0.232199 0.778033 0.230812 0.815500 0.226745 0.850414 0.220276 0.880395 0.211846 0.903400 0.202028 0.917862 0.191492 0.922794 0.180956 0.917862 0.171139 0.903400 0.162708 0.880395 0.156239 0.850414 0.152172 0.815500 0.150785 0.778033 0.152172 0.740566 0.156239 0.705653 0.162708 0.675672 0.171139 0.652666 0.180956 0.638205 0.191492 0.633272 0.202028 0.638205 0.211846 0.652666 0.220276 0.675672 0.226745 0.705653 0.230812 0.740566
1 0.311518 0.836857 0.310131 0.874799 0.306065 0.910156 0.299596 0.940518 0.291165 0.963815 0.281347 0.978461 0.270812 0.983456 0.260276 0.978461 0.250458 0.963815 0.242027 0.940518 0.235558 0.910156 0.231492 0.874799 0.230105 0.836857 0.231492 0.798914 0.235558 0.763557 0.242027 0.733195 0.250458 0.709898 0.260276 0.695253 0.270812 0.690257 0.281347 0.695253 0.291165 0.709898 0.299596 0.733195 0.306065 0.763557 0.310131 0.798914
1 0.360209 0.474724 0.358822 0.511002 0.354756 0.544807 0.348287 0.573836 0.339856 0.596111 0.330038 0.610114 0.319503 0.614890 0.308967 0.610114 0.299149 0.596111 0.290719 0.573836 0.284249 0.544807 0.280183 0.511002 0.278796 0.474724 0.280183 0.438447 0.284249 0.404642 0.290719 0.375612 0.299149 0.353337 0.308967 0.339335 0.319503 0.334559 0.330038 0.339335 0.339856 0.353337 0.348287 0.375612 0.354756 0.404642 0.358822 0.438447
1 0.445812 0.583180 0.444424 0.617079 0.440358 0.648667 0.433889 0.675793 0.425458 0.696607 0.415640 0.709692 0.405105 0.714154 0.394569 0.709692 0.384751 0.696607 0.376321 0.675793 0.369852 0.648667 0.365785 0.617079 0.364398 0.583180 0.365785 0.549282 0.369852 0.517693 0.376321 0.490567 0.384751 0.469753 0.394569 0.456669 0.405105 0.452206 0.415640 0.456669 0.425458 0.469753 0.433889 0.490567 0.440358 0.517693 0.444424 0.549282
1 0.404712 0.830423 0.403325 0.865749 0.399258 0.898667 0.392789 0.926935 0.384359 0.948626 0.374541 0.962261 0.364005 0.966912 0.353470 0.962261 0.343652 0.948626 0.335221 0.926935 0.328752 0.898667 0.324685 0.865749 0.323298 0.830423 0.324685 0.795097 0.328752 0.762178 0.335221 0.733911 0.343652 0.712220 0.353470 0.698585 0.364005 0.693934 0.374541 0.698585 0.384359 0.712220 0.392789 0.733911 0.399258 0.762178 0.403325 0.795097
1 0.486911 0.812040 0.485497 0.852838 0.481352 0.890855 0.474758 0.923501 0.466165 0.948551 0.456158 0.964298 0.445419 0.969669 0.434680 0.964298 0.424673 0.948551 0.416079 0.923501 0.409486 0.890855 0.405341 0.852838 0.403927 0.812040 0.405341 0.771243 0.409486 0.733226 0.416079 0.700580 0.424673 0.675530 0.434680 0.659783 0.445419 0.654412 0.456158 0.659783 0.466165 0.675530 0.474758 0.700580 0.481352 0.733226 0.485497 0.771243
1 0.491099 0.376379 0.489712 0.412894 0.485646 0.446921 0.479177 0.476141 0.470746 0.498561 0.460928 0.512656 0.450393 0.517463 0.439857 0.512656 0.430039 0.498561 0.421609 0.476141 0.415140 0.446921 0.411073 0.412894 0.409686 0.376379 0.411073 0.339863 0.415140 0.305836 0.421609 0.276617 0.430039 0.254196 0.439857 0.240101 0.450393 0.235294 0.460928 0.240101 0.470746 0.254196 0.479177 0.276617 0.485646 0.305836 0.489712 0.339863
1 0.577225 0.330423 0.575838 0.365035 0.571771 0.397289 0.565302 0.424985 0.556872 0.446238 0.547054 0.459598 0.536518 0.464154 0.525983 0.459598 0.516165 0.446238 0.507734 0.424985 0.501265 0.397289 0.497199 0.365035 0.495812 0.330423 0.497199 0.295810 0.501265 0.263557 0.507734 0.235860 0.516165 0.214608 0.525983 0.201248 0.536518 0.196691 0.547054 0.201248 0.556872 0.214608 0.565302 0.235860 0.571771 0.263557 0.575838 0.295810
1 0.588743 0.603401 0.587356 0.637061 0.583290 0.668428 0.576821 0.695364 0.568390 0.716032 0.558572 0.729024 0.548037 0.733456 0.537501 0.729024 0.527683 0.716032 0.519253 0.695364 0.512784 0.668428 0.508717 0.637061 0.507330 0.603401 0.508717 0.569740 0.512784 0.538373 0.519253 0.511438 0.527683 0.490770 0.537501 0.477777 0.548037 0.473346 0.558572 0.477777 0.568390 0.490770 0.576821 0.511438 0.583290 0.538373 0.587356 0.569740
1 0.573822 0.853401 0.572435 0.890868 0.568368 0.925781 0.561899 0.955762 0.553469 0.978767 0.543651 0.993229 0.533115 0.998162 0.522579 0.993229 0.512762 0.978767 0.504331 0.955762 0.497862 0.925781 0.493795 0.890868 0.492408 0.853401 0.493795 0.815934 0.497862 0.781020 0.504331 0.751039 0.512762 0.728034 0.522579 0.713572 0.533115 0.708640 0.543651 0.713572 0.553469 0.728034 0.561899 0.751039 0.568368 0.781020 0.572435 0.815934
1 0.662304 0.295496 0.660729 0.326778 0.656113 0.355928 0.648771 0.380960 0.639202 0.400168 0.628058 0.412242 0.616099 0.416360 0.604141 0.412242 0.592997 0.400168 0.583428 0.380960 0.576085 0.355928 0.571470 0.326778 0.569895 0.295496 0.571470 0.264214 0.576085 0.235064 0.583428 0.210033 0.592997 0.190825 0.604141 0.178751 0.616099 0.174632 0.628058 0.178751 0.639202 0.190825 0.648771 0.210033 0.656113 0.235064 0.660729 0.264214
1 0.667277 0.542739 0.665890 0.575210 0.661824 0.605469 0.655355 0.631452 0.646924 0.651390 0.637106 0.663924 0.626571 0.668199 0.616035 0.663924 0.606217 0.651390 0.597787 0.631452 0.591318 0.605469 0.587251 0.575210 0.585864 0.542739 0.587251 0.510268 0.591318 0.480009 0.597787 0.454026 0.606217 0.434088 0.616035 0.421554 0.626571 0.417279 0.637106 0.421554 0.646924 0.434088 0.655355 0.454026 0.661824 0.480009 0.665890 0.510268
1 0.661518 0.838695 0.660131 0.874021 0.656065 0.906939 0.649596 0.935207 0.641165 0.956898 0.631347 0.970533 0.620812 0.975184 0.610276 0.970533 0.600458 0.956898 0.592027 0.935207 0.585558 0.906939 0.581492 0.874021 0.580105 0.838695 0.581492 0.803369 0.585558 0.770450 0.592027 0.742183 0.600458 0.720492 0.610276 0.706857 0.620812 0.702206 0.631347 0.706857 0.641165 0.720492 0.649596 0.742183 0.656065 0.770450 0.660131 0.803369
1 0.742408 0.286305 0.741021 0.317587 0.736955 0.346737 0.730486 0.371769 0.722055 0.390976 0.712237 0.403051 0.701702 0.407169 0.691166 0.403051 0.681348 0.390976 0.672918 0.371769 0.666448 0.346737 0.662382 0.317587 0.660995 0.286305 0.662382 0.255023 0.666448 0.225873 0.672918 0.200841 0.681348 0.181634 0.691166 0.169560 0.701702 0.165441 0.712237 0.169560 0.722055 0.181634 0.730486 0.200841 0.736955 0.225873 0.741021 0.255023
1 0.752880 0.527114 0.751493 0.558396 0.747426 0.587546 0.740957 0.612578 0.732526 0.631785 0.722708 0.643860 0.712173 0.647978 0.701637 0.643860 0.691819 0.631785 0.683389 0.612578 0.676920 0.587546 0.672853 0.558396 0.671466 0.527114 0.672853 0.495832 0.676920 0.466682 0.683389 0.441650 0.691819 0.422443 0.701637 0.410368 0.712173 0.406250 0.722708 0.410368 0.732526 0.422443 0.740957 0.441650 0.747426 0.466682 0.751493 0.495832
1 0.744503 0.851562 0.743116 0.889505 0.739049 0.924862 0.732580 0.955224 0.724149 0.978521 0.714332 0.993167 0.703796 0.998162 0.693260 0.993167 0.683442 0.978521 0.675012 0.955224 0.668543 0.924862 0.664476 0.889505 0.663089 0.851562 0.664476 0.813620 0.668543 0.778263 0.675012 0.747901 0.683442 0.724604 0.693260 0.709958 0.703796 0.704963 0.714332 0.709958 0.724149 0.724604 0.732580 0.747901 0.739049 0.778263 0.743116 0.813620
1 0.824869 0.252298 0.823482 0.283580 0.819415 0.312730 0.812946 0.337762 0.804516 0.356969 0.794698 0.369043 0.784162 0.373162 0.773627 0.369043 0.763809 0.356969 0.755378 0.337762 0.748909 0.312730 0.744843 0.283580 0.743455 0.252298 0.744843 0.221016 0.748909 0.191866 0.755378 0.166834 0.763809 0.147627 0.773627 0.135552 0.784162 0.131434 0.794698 0.135552 0.804516 0.147627 0.812946 0.166834 0.819415 0.191866 0.823482 0.221016
1 0.843455 0.528952 0.842068 0.560234 0.838002 0.589384 0.831533 0.614416 0.823102 0.633623 0.813284 0.645698 0.802749 0.649816 0.792213 0.645698 0.782395 0.633623 0.773965 0.614416 0.767496 0.589384 0.763429 0.560234 0.762042 0.528952 0.763429 0.497670 0.767496 0.468520 0.773965 0.443488 0.782395 0.424281 0.792213 0.412207 0.802749 0.408088 0.813284 0.412207 0.823102 0.424281 0.831533 0.443488 0.838002 0.468520 0.842068 0.497670
1 0.840838 0.838695 0.839353 0.877113 0.834998 0.912914 0.828072 0.943656 0.819045 0.967245 0.808532 0.982074 0.797251 0.987132 0.785970 0.982074 0.775458 0.967245 0.766431 0.943656 0.759504 0.912914 0.755150 0.877113 0.753665 0.838695 0.755150 0.800276 0.759504 0.764476 0.766431 0.733734 0.775458 0.710144 0.785970 0.695315 0.797251 0.690257 0.808532 0.695315 0.819045 0.710144 0.828072 0.733734 0.834998 0.764476 0.839353 0.800276
1 0.895026 0.138327 0.893639 0.169609 0.889573 0.198759 0.883103 0.223791 0.874673 0.242998 0.864855 0.255073 0.854319 0.259191 0.843784 0.255073 0.833966 0.242998 0.825535 0.223791 0.819066 0.198759 0.815000 0.169609 0.813613 0.138327 0.815000 0.107045 0.819066 0.077895 0.825535 0.052863 0.833966 0.033656 0.843784 0.021582 0.854319 0.017463 0.864855 0.021582 0.874673 0.033656 0.883103 0.052863 0.889573 0.077895 0.893639 0.107045
1 0.984293 0.258732 0.982790 0.300005 0.978384 0.338465 0.971374 0.371492 0.962238 0.396834 0.951600 0.412765 0.940183 0.418199 0.928767 0.412765 0.918128 0.396834 0.908993 0.371492 0.901983 0.338465 0.897576 0.300005 0.896073 0.258732 0.897576 0.217459 0.901983 0.178998 0.908993 0.145971 0.918128 0.120629 0.928767 0.104698 0.940183 0.099265 0.951600 0.104698 0.962238 0.120629 0.971374 0.145971 0.978384 0.178998 0.982790 0.217459
1 0.939005 0.539062 0.937502 0.576054 0.933096 0.610524 0.926086 0.640124 0.916950 0.662837 0.906312 0.677115 0.894895 0.681985 0.883479 0.677115 0.872840 0.662837 0.863705 0.640124 0.856695 0.610524 0.852288 0.576054 0.850785 0.539062 0.852288 0.502071 0.856695 0.467601 0.863705 0.438001 0.872840 0.415288 0.883479 0.401010 0.894895 0.396140 0.906312 0.401010 0.916950 0.415288 0.926086 0.438001 0.933096 0.467601 0.937502 0.502071
1 0.937958 0.835018 0.936437 0.875340 0.931978 0.912914 0.924885 0.945179 0.915641 0.969937 0.904877 0.985500 0.893325 0.990809 0.881773 0.985500 0.871008 0.969937 0.861764 0.945179 0.854671 0.912914 0.850212 0.875340 0.848691 0.835018 0.850212 0.794697 0.854671 0.757123 0.861764 0.724858 0.871008 0.700100 0.881773 0.684536 0.893325 0.679228 0.904877 0.684536 0.915641 0.700100 0.924885 0.724858 0.931978 0.757123 0.936437 0.794697
0 0.037631 0.509862 0.017490 0.552123 0.006610 0.604145 0.005453 0.656167 0.038791 0.743961 0.080461 0.648042 0.084165 0.568382 0.063793 0.497665
0 0.041105 0.736645 0.014482 0.800855 0.014249 0.880515 0.026982 0.937417 0.047356 0.941480 0.067728 0.885395 0.071202 0.794357 0.054071 0.747206
0 0.095741 0.557004 0.106853 0.516360 0.142738 0.472463 0.156631 0.587895 0.135330 0.666737 0.110094 0.654540
0 0.119586 0.710634 0.074442 0.772408 0.059856 0.896774 0.100605 0.967491 0.145749 0.913033 0.144359 0.804926 0.135563 0.735018
0 0.196914 0.349724 0.171215 0.387114 0.154777 0.521241 0.162649 0.604963 0.220759 0.586268 0.233723 0.526930 0.230482 0.428575 0.218212 0.348097
0 0.211730 0.658612 0.153157 0.693566 0.135099 0.834182 0.191356 0.948796 0.229094 0.798419 0.217518 0.699256
0 0.271461 0.788667 0.261042 0.800855 0.253403 0.855322 0.256181 0.904090 0.269607 0.910588 0.286508 0.876452 0.283500 0.817932
0 0.321466 0.325340 0.267987 0.388741 0.276092 0.503355 0.291139 0.588704 0.326560 0.595211 0.347628 0.528557 0.343461 0.422886
0 0.415694 0.456213 0.384207 0.507417 0.365223 0.582206 0.382586 0.682996 0.400644 0.720386 0.420555 0.698438 0.439770 0.613088 0.436759 0.541562
0 0.378882 0.713070 0.350639 0.718759 0.322626 0.822803 0.327487 0.890276 0.336516 0.932537 0.367306 0.975616 0.389068 0.939044 0.396940 0.893520 0.399257 0.783787
0 0.402264 0.656167 0.390458 0.815487 0.459448 0.954485 0.497649 0.824430 0.488620 0.687868 0.473571 0.597647 0.440927 0.608217
0 0.440463 0.246498 0.424490 0.287950 0.414997 0.422886 0.440696 0.497665 0.473340 0.454586 0.483526 0.370864 0.476118 0.291204
0 0.509225 0.192849 0.551592 0.185533 0.583772 0.413943 0.538395 0.452142 0.499963 0.412316
0 0.569186 0.404191 0.511076 0.484660 0.499963 0.531801 0.502510 0.639099 0.511309 0.705754 0.535385 0.801673 0.587707 0.751278 0.605534 0.600901
0 0.524272 0.739890 0.551128 0.750460 0.559463 0.807362 0.538395 0.904090 0.523579 0.933355 0.506678 0.856949 0.510846 0.762656
0 0.615026 0.210726 0.643270 0.288759 0.634704 0.396057 0.606691 0.406627 0.588401 0.382243 0.597662 0.274945
0 0.620814 0.444825 0.646047 0.469219 0.655309 0.519614 0.655076 0.587895 0.620814 0.601710 0.606921 0.566756 0.603914 0.496039
0 0.627063 0.761838 0.640492 0.816305 0.649751 0.885395 0.639565 0.966682 0.597893 0.942298 0.592105 0.849632 0.607618 0.794357
0 0.724762 0.127822 0.734024 0.170083 0.748377 0.265193 0.742589 0.337537 0.728929 0.400119 0.691657 0.412316 0.672440 0.374108 0.662254 0.318842 0.665264 0.179026 0.682395 0.138382
0 0.702537 0.435074 0.725225 0.431011 0.745830 0.532619 0.725688 0.639099 0.700916 0.639917 0.688647 0.621222 0.681008 0.491158
0 0.705084 0.730956 0.727772 0.784605 0.723605 0.940671 0.676377 0.890276 0.654615 0.823621
0 0.756479 0.129449 0.792597 0.058722 0.856215 0.209752 0.853670 0.248768 0.812228 0.330055 0.754118 0.317858 0.748330 0.220322
0 0.828202 0.388585 0.835149 0.595855 0.792086 0.592610 0.779817 0.512132 0.786531 0.425974
0 0.774723 0.717785 0.754814 0.856783 0.775880 0.986029 0.811764 0.986029 0.829592 0.951075 0.834453 0.855156 0.824730 0.764926
0 0.945348 0.078888 0.977992 0.121149 0.999291 0.221949 0.988178 0.322739 0.967573 0.406461 0.948359 0.423529 0.926364 0.392647 0.907843 0.334118 0.898351 0.278842 0.897194 0.193493 0.918262 0.121967
0 0.914325 0.407279 0.936550 0.465800 0.955767 0.624311 0.899508 0.687711 0.865476 0.627555 0.850660 0.494256 0.889092 0.395901
0 0.894880 0.745423 0.921733 0.850276 0.908306 0.917748 0.873348 0.929127 0.863623 0.861654 0.865243 0.786066
0 0.857351 0.045147 0.882817 0.107739 0.881890 0.170331 0.870777 0.206094 0.849246 0.253244 0.819382 0.160579 0.831652 0.065469