1 0.113969 0.279345 0.112248 0.307183 0.107205 0.333123 0.099181 0.355399 0.088725 0.372492 0.076548 0.383237 0.063481 0.386902 0.050414 0.383237 0.038238 0.372492 0.027781 0.355399 0.019758 0.333123 0.014714 0.307183 0.012994 0.279345 0.014714 0.251507 0.019758 0.225567 0.027781 0.203291 0.038238 0.186198 0.050414 0.175453 0.063481 0.171788 0.076548 0.175453 0.088725 0.186198 0.099181 0.203291 0.107205 0.225567 0.112248 0.251507
1 0.121278 0.536272 0.119511 0.566457 0.114332 0.594584 0.106094 0.618738 0.095357 0.637272 0.082854 0.648923 0.069437 0.652897 0.056020 0.648923 0.043517 0.637272 0.032780 0.618738 0.024541 0.594584 0.019363 0.566457 0.017596 0.536272 0.019363 0.506087 0.024541 0.477960 0.032780 0.453806 0.043517 0.435272 0.056020 0.423621 0.069437 0.419647 0.082854 0.423621 0.095357 0.435272 0.106094 0.453806 0.114332 0.477960 0.119511 0.506087
1 0.132918 0.780101 0.131216 0.807287 0.126227 0.832620 0.118289 0.854374 0.107945 0.871066 0.095899 0.881559 0.082972 0.885139 0.070045 0.881559 0.057999 0.871066 0.047655 0.854374 0.039718 0.832620 0.034728 0.807287 0.033027 0.780101 0.034728 0.752915 0.039718 0.727582 0.047655 0.705828 0.057999 0.689135 0.070045 0.678642 0.082972 0.675063 0.095899 0.678642 0.107945 0.689135 0.118289 0.705828 0.126227 0.727582 0.131216 0.752915
1 0.262859 0.794710 0.261111 0.824504 0.255986 0.852267 0.247833 0.876108 0.237209 0.894401 0.224837 0.905901 0.211559 0.909824 0.198282 0.905901 0.185910 0.894401 0.175285 0.876108 0.167133 0.852267 0.162008 0.824504 0.160260 0.794710 0.162008 0.764917 0.167133 0.737154 0.175285 0.713313 0.185910 0.695019 0.198282 0.683519 0.211559 0.679597 0.224837 0.683519 0.237209 0.695019 0.247833 0.713313 0.255986 0.737154 0.261111 0.764917
1 0.241743 0.511083 0.240060 0.538399 0.235124 0.563854 0.227273 0.585712 0.217041 0.602485 0.205126 0.613028 0.192339 0.616625 0.179552 0.613028 0.167637 0.602485 0.157405 0.585712 0.149553 0.563854 0.144618 0.538399 0.142934 0.511083 0.144618 0.483767 0.149553 0.458312 0.157405 0.436454 0.167637 0.419681 0.179552 0.409138 0.192339 0.405542 0.205126 0.409138 0.217041 0.419681 0.227273 0.436454 0.235124 0.458312 0.240060 0.483767
1 0.245533 0.244081 0.243665 0.274917 0.238189 0.303652 0.229477 0.328328 0.218124 0.347262 0.204903 0.359164 0.190715 0.363224 0.176527 0.359164 0.163305 0.347262 0.151952 0.328328 0.143240 0.303652 0.137764 0.274917 0.135896 0.244081 0.137764 0.213244 0.143240 0.184509 0.151952 0.159833 0.163305 0.140899 0.176527 0.128997 0.190715 0.124937 0.204903 0.128997 0.218124 0.140899 0.229477 0.159833 0.238189 0.184509 0.243665 0.213244
1 0.364916 0.133249 0.362753 0.163043 0.356411 0.190806 0.346323 0.214647 0.333175 0.232940 0.317865 0.244440 0.301435 0.248363 0.285005 0.244440 0.269694 0.232940 0.256547 0.214647 0.246458 0.190806 0.240117 0.163043 0.237953 0.133249 0.240117 0.103456 0.246458 0.075693 0.256547 0.051852 0.269694 0.033558 0.285005 0.022058 0.301435 0.018136 0.317865 0.022058 0.333175 0.033558 0.346323 0.051852 0.356411 0.075693 0.362753 0.103456
1 0.374120 0.392191 0.371644 0.428244 0.364382 0.461839 0.352831 0.490688 0.337777 0.512824 0.320247 0.526740 0.301435 0.531486 0.282622 0.526740 0.265092 0.512824 0.250038 0.490688 0.238487 0.461839 0.231226 0.428244 0.228749 0.392191 0.231226 0.356139 0.238487 0.322544 0.250038 0.293695 0.265092 0.271559 0.282622 0.257643 0.301435 0.252897 0.320247 0.257643 0.337777 0.271559 0.352831 0.293695 0.364382 0.322544 0.371644 0.356139
1 0.397130 0.716625 0.395050 0.752938 0.388952 0.786776 0.379251 0.815833 0.366608 0.838130 0.351885 0.852146 0.336086 0.856927 0.320286 0.852146 0.305563 0.838130 0.292920 0.815833 0.283219 0.786776 0.277121 0.752938 0.275041 0.716625 0.277121 0.680312 0.283219 0.646474 0.292920 0.617416 0.305563 0.595119 0.320286 0.581103 0.336086 0.576322 0.351885 0.581103 0.366608 0.595119 0.379251 0.617416 0.388952 0.646474 0.395050 0.680312
1 0.507038 0.525693 0.505023 0.559267 0.499114 0.590554 0.489714 0.617421 0.477463 0.638036 0.463198 0.650995 0.447888 0.655416 0.432579 0.650995 0.418313 0.638036 0.406063 0.617421 0.396663 0.590554 0.390754 0.559267 0.388738 0.525693 0.390754 0.492118 0.396663 0.460831 0.406063 0.433965 0.418313 0.413349 0.432579 0.400390 0.447888 0.395970 0.463198 0.400390 0.477463 0.413349 0.489714 0.433965 0.499114 0.460831 0.505023 0.492118
1 0.533568 0.807305 0.531433 0.841401 0.525172 0.873174 0.515213 0.900458 0.502233 0.921393 0.487119 0.934554 0.470899 0.939043 0.454679 0.934554 0.439564 0.921393 0.426585 0.900458 0.416626 0.873174 0.410365 0.841401 0.408230 0.807305 0.410365 0.773208 0.416626 0.741436 0.426585 0.714152 0.439564 0.693216 0.454679 0.680056 0.470899 0.675567 0.487119 0.680056 0.502233 0.693216 0.515213 0.714152 0.525172 0.741436 0.531433 0.773208
1 0.653763 0.273804 0.651111 0.306074 0.643336 0.336146 0.630967 0.361969 0.614848 0.381784 0.596078 0.394240 0.575934 0.398489 0.555790 0.394240 0.537019 0.381784 0.520901 0.361969 0.508532 0.336146 0.500757 0.306074 0.498105 0.273804 0.500757 0.241533 0.508532 0.211461 0.520901 0.185638 0.537019 0.165823 0.555790 0.153367 0.575934 0.149118 0.596078 0.153367 0.614848 0.165823 0.630967 0.185638 0.643336 0.211461 0.651111 0.241533
1 0.666486 0.545340 0.664157 0.580349 0.657328 0.612972 0.646466 0.640986 0.632309 0.662483 0.615823 0.675996 0.598132 0.680605 0.580441 0.675996 0.563955 0.662483 0.549798 0.640986 0.538936 0.612972 0.532107 0.580349 0.529778 0.545340 0.532107 0.510331 0.538936 0.477708 0.549798 0.449694 0.563955 0.428198 0.580441 0.414685 0.598132 0.410076 0.615823 0.414685 0.632309 0.428198 0.646466 0.449694 0.657328 0.477708 0.664157 0.510331
1 0.815376 0.304030 0.812724 0.341908 0.804949 0.377204 0.792581 0.407514 0.776462 0.430771 0.757691 0.445391 0.737547 0.450378 0.717404 0.445391 0.698633 0.430771 0.682514 0.407514 0.670146 0.377204 0.662370 0.341908 0.659718 0.304030 0.662370 0.266153 0.670146 0.230856 0.682514 0.200547 0.698633 0.177289 0.717404 0.162669 0.737547 0.157683 0.757691 0.162669 0.776462 0.177289 0.792581 0.200547 0.804949 0.230856 0.812724 0.266153
1 0.829995 0.598237 0.827472 0.635984 0.820075 0.671159 0.808309 0.701364 0.792975 0.724541 0.775118 0.739111 0.755956 0.744081 0.736793 0.739111 0.718936 0.724541 0.703602 0.701364 0.691836 0.671159 0.684439 0.635984 0.681917 0.598237 0.684439 0.560490 0.691836 0.525315 0.703602 0.495110 0.718936 0.471932 0.736793 0.457362 0.755956 0.452393 0.775118 0.457362 0.792975 0.471932 0.808309 0.495110 0.820075 0.525315 0.827472 0.560490
1 0.963454 0.418388 0.960812 0.457309 0.953063 0.493577 0.940738 0.524721 0.924675 0.548619 0.905970 0.563642 0.885896 0.568766 0.865823 0.563642 0.847117 0.548619 0.831054 0.524721 0.818729 0.493577 0.810981 0.457309 0.808338 0.418388 0.810981 0.379467 0.818729 0.343199 0.831054 0.312055 0.847117 0.288157 0.865823 0.273134 0.885896 0.268010 0.905970 0.273134 0.924675 0.288157 0.940738 0.312055 0.953063 0.343199 0.960812 0.379467
1 0.988089 0.845088 0.985695 0.875403 0.978677 0.903652 0.967513 0.927910 0.952964 0.946524 0.936022 0.958226 0.917840 0.962217 0.899658 0.958226 0.882715 0.946524 0.868166 0.927910 0.857002 0.903652 0.849984 0.875403 0.847591 0.845088 0.849984 0.814773 0.857002 0.786524 0.868166 0.762266 0.882715 0.743652 0.899658 0.731951 0.917840 0.727960 0.936022 0.731951 0.952964 0.743652 0.967513 0.762266 0.978677 0.786524 0.985695 0.814773
0 0.061830 0.180957 0.008365 0.212443 0.002436 0.270076 0.038955 0.370277 0.088414 0.344786 0.082756 0.244534
0 0.058960 0.507657 0.061613 0.548816 0.066188 0.578287 0.098403 0.585995 0.098376 0.523174 0.079074 0.483526
0 0.072306 0.723476 0.062019 0.746902 0.058852 0.779295 0.062940 0.807909 0.107282 0.832393 0.119653 0.808615 0.115836 0.750378 0.104548 0.725189
0 0.208338 0.616675 0.107011 0.681159 0.097212 0.838841 0.115918 0.919395 0.139930 0.968967 0.217948 0.988967 0.295019 0.898690 0.272009 0.729773 0.255441 0.664987 0.241175 0.614761
0 0.165620 0.611486 0.130996 0.511940 0.158527 0.370025 0.236031 0.393753 0.284542 0.506650 0.231483 0.627355
0 0.162398 0.142116 0.235463 0.186499 0.243936 0.277834 0.236519 0.320957 0.177883 0.348363 0.139496 0.261209
0 0.257445 0.031587 0.235869 0.058338 0.223010 0.164383 0.246237 0.219547 0.266080 0.238892 0.327098 0.235466 0.355008 0.171184 0.342555 0.085945 0.313806 0.033149
0 0.280509 0.212544 0.225014 0.288564 0.210341 0.368312 0.212669 0.415869 0.223849 0.486247 0.315647 0.555970 0.369410 0.467506 0.370032 0.313249 0.310152 0.214257
0 0.313942 0.612292 0.296318 0.655718 0.296102 0.732746 0.330753 0.792091 0.372902 0.791335 0.382269 0.719295 0.363969 0.598086 0.332945 0.590076
0 0.500731 0.760202 0.447726 0.688463 0.407526 0.805390 0.417488 0.850076 0.450975 0.881612 0.469329 0.880907 0.495750 0.847607
0 0.440309 0.403929 0.400839 0.470227 0.399811 0.565894 0.417380 0.600302 0.472794 0.614207 0.492393 0.448262 0.465079 0.412846
0 0.629128 0.198489 0.595154 0.156121 0.553249 0.156222 0.509502 0.223023 0.505360 0.311738 0.522306 0.379244 0.572252 0.396625 0.613914 0.369018 0.634434 0.312191
0 0.564618 0.431133 0.540011 0.469421 0.531808 0.532594 0.572902 0.656474 0.625474 0.616977 0.657363 0.548917 0.598836 0.425189
0 0.824364 0.236776 0.784245 0.163073 0.756335 0.143023 0.710855 0.159295 0.661180 0.217028 0.642718 0.363526 0.667759 0.444332 0.729101 0.478539 0.793557 0.459748 0.823443 0.389874 0.832241 0.318791
0 0.746454 0.446600 0.695669 0.492897 0.676557 0.622116 0.702788 0.706549 0.779372 0.721360 0.828424 0.660151 0.832675 0.569773 0.785625 0.451083
0 0.873552 0.306952 0.807823 0.440151 0.826069 0.524181 0.883812 0.538589 0.925095 0.514106 0.947455 0.445390 0.952355 0.370781 0.932675 0.322469
0 0.959015 0.771234 0.886194 0.745441 0.861532 0.795718 0.849242 0.903526 0.861234 0.960655 0.951218 0.974509 0.984678 0.878539