1 0.136849 0.277308 0.134626 0.307347 0.128107 0.335338 0.117737 0.359375 0.104222 0.377819 0.088484 0.389413 0.071595 0.393368 0.054707 0.389413 0.038969 0.377819 0.025454 0.359375 0.015084 0.335338 0.008565 0.307347 0.006342 0.277308 0.008565 0.247270 0.015084 0.219278 0.025454 0.195242 0.038969 0.176797 0.054707 0.165203 0.071595 0.161248 0.088484 0.165203 0.104222 0.176797 0.117737 0.195242 0.128107 0.219278 0.134626 0.247270
1 0.147196 0.535436 0.145371 0.565811 0.140019 0.594116 0.131506 0.618422 0.120411 0.637073 0.107490 0.648797 0.093625 0.652796 0.079760 0.648797 0.066839 0.637073 0.055744 0.618422 0.047231 0.594116 0.041879 0.565811 0.040053 0.535436 0.041879 0.505061 0.047231 0.476756 0.055744 0.452449 0.066839 0.433799 0.079760 0.422074 0.093625 0.418075 0.107490 0.422074 0.120411 0.433799 0.131506 0.452449 0.140019 0.476756 0.145371 0.505061
1 0.157543 0.783810 0.155695 0.814858 0.150277 0.843791 0.141657 0.868635 0.130424 0.887699 0.117342 0.899684 0.103304 0.903771 0.089266 0.899684 0.076185 0.887699 0.064952 0.868635 0.056332 0.843791 0.050914 0.814858 0.049065 0.783810 0.050914 0.752762 0.056332 0.723830 0.064952 0.698985 0.076185 0.679921 0.089266 0.667937 0.103304 0.663849 0.117342 0.667937 0.130424 0.679921 0.141657 0.698985 0.150277 0.723830 0.155695 0.752762
1 0.287717 0.796164 0.286005 0.828895 0.280987 0.859395 0.273004 0.885587 0.262600 0.905684 0.250485 0.918318 0.237483 0.922627 0.224482 0.918318 0.212366 0.905684 0.201963 0.885587 0.193980 0.859395 0.188961 0.828895 0.187250 0.796164 0.188961 0.763433 0.193980 0.732932 0.201963 0.706741 0.212366 0.686644 0.224482 0.674010 0.237483 0.669701 0.250485 0.674010 0.262600 0.686644 0.273004 0.706741 0.280987 0.732932 0.286005 0.763433
1 0.274366 0.521131 0.272461 0.549319 0.266876 0.575585 0.257991 0.598141 0.246412 0.615448 0.232928 0.626328 0.218458 0.630039 0.203988 0.626328 0.190504 0.615448 0.178925 0.598141 0.170040 0.575585 0.164455 0.549319 0.162550 0.521131 0.164455 0.492944 0.170040 0.466678 0.178925 0.444122 0.190504 0.426815 0.203988 0.415935 0.218458 0.412224 0.232928 0.415935 0.246412 0.426815 0.257991 0.444122 0.266876 0.466678 0.272461 0.492944
1 0.268692 0.248049 0.266605 0.281790 0.260486 0.313231 0.250752 0.340231 0.238067 0.360948 0.223295 0.373971 0.207443 0.378414 0.191591 0.373971 0.176819 0.360948 0.164134 0.340231 0.154401 0.313231 0.148282 0.281790 0.146195 0.248049 0.148282 0.214309 0.154401 0.182867 0.164134 0.155868 0.176819 0.135151 0.191591 0.122127 0.207443 0.117685 0.223295 0.122127 0.238067 0.135151 0.250752 0.155868 0.260486 0.182867 0.266605 0.214309
1 0.394526 0.125163 0.392155 0.154696 0.385202 0.182217 0.374143 0.205850 0.359730 0.223984 0.342945 0.235384 0.324933 0.239272 0.306921 0.235384 0.290137 0.223984 0.275724 0.205850 0.264664 0.182217 0.257712 0.154696 0.255340 0.125163 0.257712 0.095629 0.264664 0.068108 0.275724 0.044475 0.290137 0.026341 0.306921 0.014941 0.324933 0.011053 0.342945 0.014941 0.359730 0.026341 0.374143 0.044475 0.385202 0.068108 0.392155 0.095629
1 0.388518 0.394993 0.386181 0.431763 0.379329 0.466027 0.368428 0.495450 0.354222 0.518028 0.337679 0.532220 0.319927 0.537061 0.302174 0.532220 0.285631 0.518028 0.271425 0.495450 0.260525 0.466027 0.253672 0.431763 0.251335 0.394993 0.253672 0.358224 0.260525 0.323960 0.271425 0.294537 0.285631 0.271959 0.302174 0.257767 0.319927 0.252926 0.337679 0.257767 0.354222 0.271959 0.368428 0.294537 0.379329 0.323960 0.386181 0.358224
1 0.418892 0.729194 0.416805 0.768993 0.410686 0.806079 0.400953 0.837926 0.388268 0.862363 0.373496 0.877725 0.357644 0.882965 0.341791 0.877725 0.327019 0.862363 0.314334 0.837926 0.304601 0.806079 0.298482 0.768993 0.296395 0.729194 0.298482 0.689395 0.304601 0.652308 0.314334 0.620461 0.327019 0.596024 0.341791 0.580662 0.357644 0.575423 0.373496 0.580662 0.388268 0.596024 0.400953 0.620461 0.410686 0.652308 0.416805 0.689395
1 0.542056 0.532185 0.539753 0.564579 0.533001 0.594766 0.522259 0.620688 0.508261 0.640579 0.491960 0.653082 0.474466 0.657347 0.456972 0.653082 0.440671 0.640579 0.426673 0.620688 0.415931 0.594766 0.409179 0.564579 0.406876 0.532185 0.409179 0.499790 0.415931 0.469603 0.426673 0.443681 0.440671 0.423791 0.456972 0.411287 0.474466 0.407022 0.491960 0.411287 0.508261 0.423791 0.522259 0.443681 0.533001 0.469603 0.539753 0.499790
1 0.587450 0.815670 0.585135 0.847896 0.578350 0.877926 0.567555 0.903713 0.553488 0.923501 0.537106 0.935939 0.519526 0.940182 0.501946 0.935939 0.485564 0.923501 0.471497 0.903713 0.460702 0.877926 0.453917 0.847896 0.451602 0.815670 0.453917 0.783444 0.460702 0.753414 0.471497 0.727626 0.485564 0.707839 0.501946 0.695400 0.519526 0.691157 0.537106 0.695400 0.553488 0.707839 0.567555 0.727626 0.578350 0.753414 0.585135 0.783444
1 0.645861 0.303316 0.643467 0.337225 0.636448 0.368823 0.625282 0.395957 0.610731 0.416778 0.593786 0.429866 0.575601 0.434330 0.557416 0.429866 0.540471 0.416778 0.525919 0.395957 0.514754 0.368823 0.507735 0.337225 0.505340 0.303316 0.507735 0.269407 0.514754 0.237809 0.525919 0.210675 0.540471 0.189854 0.557416 0.176766 0.575601 0.172302 0.593786 0.176766 0.610731 0.189854 0.625282 0.210675 0.636448 0.237809 0.643467 0.269407
1 0.820761 0.313069 0.818242 0.351353 0.810856 0.387029 0.799107 0.417664 0.783795 0.441171 0.765964 0.455948 0.746829 0.460988 0.727694 0.455948 0.709863 0.441171 0.694551 0.417664 0.682802 0.387029 0.675416 0.351353 0.672897 0.313069 0.675416 0.274785 0.682802 0.239109 0.694551 0.208474 0.709863 0.184967 0.727694 0.170190 0.746829 0.165150 0.765964 0.170190 0.783795 0.184967 0.799107 0.208474 0.810856 0.239109 0.818242 0.274785
1 0.838117 0.614109 0.835632 0.653235 0.828347 0.689694 0.816757 0.721003 0.801652 0.745027 0.784063 0.760129 0.765187 0.765280 0.746311 0.760129 0.728722 0.745027 0.713617 0.721003 0.702027 0.689694 0.694741 0.653235 0.692256 0.614109 0.694741 0.574983 0.702027 0.538524 0.713617 0.507216 0.728722 0.483192 0.746311 0.468090 0.765187 0.462939 0.784063 0.468090 0.801652 0.483192 0.816757 0.507216 0.828347 0.538524 0.835632 0.574983
1 0.969292 0.433355 0.966705 0.472481 0.959119 0.508940 0.947052 0.540249 0.931325 0.564272 0.913011 0.579374 0.893358 0.584525 0.873704 0.579374 0.855391 0.564272 0.839664 0.540249 0.827597 0.508940 0.820011 0.472481 0.817423 0.433355 0.820011 0.394229 0.827597 0.357770 0.839664 0.326461 0.855391 0.302438 0.873704 0.287336 0.893358 0.282185 0.913011 0.287336 0.931325 0.302438 0.947052 0.326461 0.959119 0.357770 0.966705 0.394229
1 0.988652 0.872237 0.986360 0.904295 0.979641 0.934168 0.968953 0.959820 0.955023 0.979504 0.938802 0.991878 0.921395 0.996099 0.903988 0.991878 0.887767 0.979504 0.873838 0.959820 0.863149 0.934168 0.856431 0.904295 0.854139 0.872237 0.856431 0.840179 0.863149 0.810306 0.873838 0.784653 0.887767 0.764969 0.903988 0.752595 0.921395 0.748375 0.938802 0.752595 0.955023 0.764969 0.968953 0.784653 0.979641 0.810306 0.986360 0.840179
0 0.068124 0.168335 0.023498 0.199675 0.014486 0.279519 0.061916 0.361704 0.106075 0.344538 0.094459 0.232510
0 0.089820 0.510923 0.112283 0.498570 0.123398 0.518856 0.104439 0.589662 0.082210 0.552276
0 0.089152 0.727958 0.074366 0.778804 0.084179 0.831274 0.126969 0.857347 0.146862 0.831014 0.143725 0.745189
0 0.174499 0.664239 0.128772 0.786541 0.142056 0.938296 0.167323 0.987646 0.235948 1.000000 0.303705 0.941873 0.294893 0.765670 0.264619 0.665865
0 0.254907 0.612224 0.185981 0.614434 0.166822 0.596099 0.162717 0.444668 0.216021 0.392978 0.257877 0.444018 0.285414 0.558648
0 0.182276 0.125813 0.255474 0.168661 0.259579 0.290702 0.232477 0.344278 0.197130 0.348765 0.158278 0.256892
0 0.273932 0.015605 0.252770 0.057867 0.242356 0.157867 0.263652 0.223992 0.332543 0.233940 0.373298 0.148895 0.353705 0.069766 0.322497 0.016060
0 0.326836 0.212614 0.255240 0.325098 0.244559 0.411573 0.247430 0.495579 0.322463 0.555527 0.389486 0.496229 0.380741 0.324577 0.370995 0.272107
0 0.338485 0.633875 0.320995 0.694018 0.345027 0.779064 0.368491 0.802796 0.401001 0.769831 0.409980 0.701170 0.370728 0.621782
0 0.549800 0.748635 0.517190 0.705397 0.464453 0.781925 0.497864 0.890962 0.530674 0.886801
0 0.452036 0.406112 0.411849 0.506047 0.413752 0.563719 0.437517 0.608127 0.495260 0.623992 0.528939 0.560013 0.532243 0.495189 0.480474 0.419636
0 0.614085 0.186216 0.567991 0.166515 0.540587 0.195449 0.510948 0.283745 0.540721 0.371456 0.589052 0.429779 0.645995 0.285631
0 0.832621 0.574027 0.791071 0.472995 0.768281 0.465170 0.710430 0.508203 0.703437 0.533363 0.696235 0.624137 0.720849 0.718146 0.772080 0.733352 0.823330 0.699952 0.825150 0.694912 0.830427 0.662003 0.835982 0.585425
0 0.846562 0.331860 0.799466 0.164044 0.722263 0.176788 0.673665 0.224577 0.661482 0.386866 0.679673 0.447984 0.792290 0.473602 0.819993 0.424642
0 0.936615 0.322107 0.874533 0.317035 0.834179 0.482705 0.858411 0.542588 0.929239 0.494993 0.952470 0.377113
0 0.872196 0.822562 0.872931 0.982705 0.946128 0.995839 0.978872 0.915670 0.964085 0.802471 0.903872 0.783940
