1 0.097487 0.633271 0.096024 0.662096 0.091733 0.688956 0.084909 0.712022 0.076015 0.729720 0.065658 0.740846 0.054543 0.744641 0.043428 0.740846 0.033071 0.729720 0.024177 0.712022 0.017352 0.688956 0.013062 0.662096 0.011599 0.633271 0.013062 0.604447 0.017352 0.577586 0.024177 0.554521 0.033071 0.536822 0.043428 0.525696 0.054543 0.521901 0.065658 0.525696 0.076015 0.536822 0.084909 0.554521 0.091733 0.577586 0.096024 0.604447
1 0.091964 0.860671 0.090773 0.890461 0.087283 0.918220 0.081731 0.942057 0.074496 0.960349 0.066070 0.971847 0.057028 0.975769 0.047987 0.971847 0.039561 0.960349 0.032326 0.942057 0.026774 0.918220 0.023284 0.890461 0.022093 0.860671 0.023284 0.830882 0.026774 0.803122 0.032326 0.779285 0.039561 0.760993 0.047987 0.749495 0.057028 0.745573 0.066070 0.749495 0.074496 0.760993 0.081731 0.779285 0.087283 0.803122 0.090773 0.830882
1 0.181165 0.562442 0.179674 0.597779 0.175301 0.630708 0.168345 0.658985 0.159279 0.680683 0.148722 0.694323 0.137393 0.698975 0.126064 0.694323 0.115507 0.680683 0.106441 0.658985 0.099485 0.630708 0.095112 0.597779 0.093621 0.562442 0.095112 0.527104 0.099485 0.494175 0.106441 0.465898 0.115507 0.444201 0.126064 0.430561 0.137393 0.425909 0.148722 0.430561 0.159279 0.444201 0.168345 0.465898 0.175301 0.494175 0.179674 0.527104
1 0.160453 0.843896 0.159291 0.875374 0.155883 0.904706 0.150463 0.929895 0.143400 0.949223 0.135174 0.961373 0.126346 0.965517 0.117519 0.961373 0.109293 0.949223 0.102229 0.929895 0.096809 0.904706 0.093402 0.875374 0.092240 0.843896 0.093402 0.812418 0.096809 0.783085 0.102229 0.757896 0.109293 0.738568 0.117519 0.726418 0.126346 0.722274 0.135174 0.726418 0.143400 0.738568 0.150463 0.757896 0.155883 0.783085 0.159291 0.812418
1 0.229495 0.475769 0.228172 0.509418 0.224296 0.540774 0.218130 0.567699 0.210094 0.588360 0.200736 0.601348 0.190693 0.605778 0.180651 0.601348 0.171292 0.588360 0.163256 0.567699 0.157090 0.540774 0.153214 0.509418 0.151892 0.475769 0.153214 0.442120 0.157090 0.410764 0.163256 0.383838 0.171292 0.363177 0.180651 0.350190 0.190693 0.345760 0.200736 0.350190 0.210094 0.363177 0.218130 0.383838 0.224296 0.410764 0.228172 0.442120
1 0.236675 0.810345 0.235381 0.846647 0.231588 0.880475 0.225553 0.909524 0.217688 0.931814 0.208530 0.945827 0.198702 0.950606 0.188874 0.945827 0.179716 0.931814 0.171851 0.909524 0.165816 0.880475 0.162023 0.846647 0.160729 0.810345 0.162023 0.774043 0.165816 0.740214 0.171851 0.711165 0.179716 0.688875 0.188874 0.674863 0.198702 0.670084 0.208530 0.674863 0.217688 0.688875 0.225553 0.711165 0.231588 0.740214 0.235381 0.774043
1 0.313173 0.839236 0.311917 0.875297 0.308234 0.908900 0.302375 0.937756 0.294739 0.959898 0.285847 0.973817 0.276305 0.978565 0.266763 0.973817 0.257871 0.959898 0.250235 0.937756 0.244376 0.908900 0.240693 0.875297 0.239437 0.839236 0.240693 0.803175 0.244376 0.769571 0.250235 0.740715 0.257871 0.718573 0.266763 0.704654 0.276305 0.699907 0.285847 0.704654 0.294739 0.718573 0.302375 0.740715 0.308234 0.769571 0.311917 0.803175
1 0.332229 0.462721 0.331010 0.496129 0.327437 0.527260 0.321754 0.553993 0.314347 0.574506 0.305721 0.587400 0.296465 0.591799 0.287209 0.587400 0.278583 0.574506 0.271176 0.553993 0.265493 0.527260 0.261920 0.496129 0.260701 0.462721 0.261920 0.429314 0.265493 0.398183 0.271176 0.371450 0.278583 0.350937 0.287209 0.338042 0.296465 0.333644 0.305721 0.338042 0.314347 0.350937 0.321754 0.371450 0.327437 0.398183 0.331010 0.429314
1 0.444352 0.602516 0.442889 0.636889 0.438599 0.668919 0.431774 0.696424 0.422880 0.717529 0.412523 0.730796 0.401408 0.735322 0.390294 0.730796 0.379936 0.717529 0.371042 0.696424 0.364218 0.668919 0.359928 0.636889 0.358465 0.602516 0.359928 0.568144 0.364218 0.536114 0.371042 0.508609 0.379936 0.487504 0.390294 0.474236 0.401408 0.469711 0.412523 0.474236 0.422880 0.487504 0.431774 0.508609 0.438599 0.536114 0.442889 0.568144
1 0.411765 0.843896 0.410301 0.879715 0.406011 0.913094 0.399187 0.941757 0.390293 0.963751 0.379935 0.977577 0.368821 0.982293 0.357706 0.977577 0.347349 0.963751 0.338455 0.941757 0.331630 0.913094 0.327340 0.879715 0.325877 0.843896 0.327340 0.808076 0.331630 0.774697 0.338455 0.746034 0.347349 0.724040 0.357706 0.710214 0.368821 0.705499 0.379935 0.710214 0.390293 0.724040 0.399187 0.746034 0.406011 0.774697 0.410301 0.808076
1 0.491853 0.799161 0.490437 0.838117 0.486285 0.874418 0.479680 0.905590 0.471072 0.929509 0.461047 0.944545 0.450290 0.949674 0.439533 0.944545 0.429508 0.929509 0.420900 0.905590 0.414295 0.874418 0.410143 0.838117 0.408727 0.799161 0.410143 0.760206 0.414295 0.723905 0.420900 0.692733 0.429508 0.668814 0.439533 0.653777 0.450290 0.648649 0.461047 0.653777 0.471072 0.668814 0.479680 0.692733 0.486285 0.723905 0.490437 0.760206
1 0.479978 0.398416 0.478618 0.434235 0.474631 0.467614 0.468290 0.496277 0.460025 0.518271 0.450400 0.532097 0.440072 0.536813 0.429743 0.532097 0.420119 0.518271 0.411854 0.496277 0.405512 0.467614 0.401525 0.434235 0.400166 0.398416 0.401525 0.362596 0.405512 0.329217 0.411854 0.300554 0.420119 0.278560 0.429743 0.264734 0.440072 0.260019 0.450400 0.264734 0.460025 0.278560 0.468290 0.300554 0.474631 0.329217 0.478618 0.362596
1 0.569456 0.339702 0.567993 0.374798 0.563703 0.407502 0.556878 0.435586 0.547984 0.457136 0.537627 0.470682 0.526512 0.475303 0.515397 0.470682 0.505040 0.457136 0.496146 0.435586 0.489321 0.407502 0.485031 0.374798 0.483568 0.339702 0.485031 0.304606 0.489321 0.271901 0.496146 0.243817 0.505040 0.222268 0.515397 0.208721 0.526512 0.204101 0.537627 0.208721 0.547984 0.222268 0.556878 0.243817 0.563703 0.271901 0.567993 0.304606
1 0.586302 0.618360 0.584839 0.652491 0.580549 0.684296 0.573724 0.711608 0.564830 0.732565 0.554473 0.745740 0.543358 0.750233 0.532243 0.745740 0.521886 0.732565 0.512992 0.711608 0.506168 0.684296 0.501878 0.652491 0.500414 0.618360 0.501878 0.584228 0.506168 0.552423 0.512992 0.525111 0.521886 0.504154 0.532243 0.490980 0.543358 0.486486 0.554473 0.490980 0.564830 0.504154 0.573724 0.525111 0.580549 0.552423 0.584839 0.584228
1 0.573875 0.824324 0.572402 0.857732 0.568084 0.888863 0.561216 0.915596 0.552265 0.936109 0.541841 0.949003 0.530655 0.953402 0.519468 0.949003 0.509044 0.936109 0.500093 0.915596 0.493225 0.888863 0.488907 0.857732 0.487434 0.824324 0.488907 0.790917 0.493225 0.759786 0.500093 0.733053 0.509044 0.712540 0.519468 0.699645 0.530655 0.695247 0.541841 0.699645 0.552265 0.712540 0.561216 0.733053 0.568084 0.759786 0.572402 0.790917
1 0.654791 0.321994 0.653131 0.353714 0.648261 0.383271 0.640515 0.408653 0.630420 0.428129 0.618664 0.440372 0.606048 0.444548 0.593432 0.440372 0.581676 0.428129 0.571581 0.408653 0.563835 0.383271 0.558966 0.353714 0.557305 0.321994 0.558966 0.290275 0.563835 0.260718 0.571581 0.235336 0.581676 0.215860 0.593432 0.203617 0.606048 0.199441 0.618664 0.203617 0.630420 0.215860 0.640515 0.235336 0.648261 0.260718 0.653131 0.290275
1 0.661143 0.563374 0.659680 0.596299 0.655390 0.626980 0.648565 0.653327 0.639671 0.673544 0.629314 0.686252 0.618199 0.690587 0.607085 0.686252 0.596727 0.673544 0.587833 0.653327 0.581009 0.626980 0.576719 0.596299 0.575255 0.563374 0.576719 0.530448 0.581009 0.499767 0.587833 0.473420 0.596727 0.453204 0.607085 0.440495 0.618199 0.436160 0.629314 0.440495 0.639671 0.453204 0.648565 0.473420 0.655390 0.499767 0.659680 0.530448
1 0.656725 0.842964 0.655261 0.878783 0.650971 0.912162 0.644147 0.940825 0.635253 0.962819 0.624895 0.976645 0.613781 0.981361 0.602666 0.976645 0.592309 0.962819 0.583415 0.940825 0.576590 0.912162 0.572300 0.878783 0.570837 0.842964 0.572300 0.807144 0.576590 0.773765 0.583415 0.745102 0.592309 0.723108 0.602666 0.709282 0.613781 0.704567 0.624895 0.709282 0.635253 0.723108 0.644147 0.745102 0.650971 0.773765 0.655261 0.807144
1 0.735156 0.289376 0.733693 0.321095 0.729403 0.350652 0.722578 0.376034 0.713684 0.395510 0.703327 0.407753 0.692212 0.411929 0.681097 0.407753 0.670740 0.395510 0.661846 0.376034 0.655022 0.350652 0.650731 0.321095 0.649268 0.289376 0.650731 0.257656 0.655022 0.228099 0.661846 0.202717 0.670740 0.183241 0.681097 0.170998 0.692212 0.166822 0.703327 0.170998 0.713684 0.183241 0.722578 0.202717 0.729403 0.228099 0.733693 0.257656
1 0.741232 0.540075 0.739768 0.571794 0.735478 0.601351 0.728654 0.626733 0.719760 0.646209 0.709402 0.658452 0.698288 0.662628 0.687173 0.658452 0.676816 0.646209 0.667922 0.626733 0.661097 0.601351 0.656807 0.571794 0.655344 0.540075 0.656807 0.508355 0.661097 0.478798 0.667922 0.453416 0.676816 0.433940 0.687173 0.421697 0.698288 0.417521 0.709402 0.421697 0.719760 0.433940 0.728654 0.453416 0.735478 0.478798 0.739768 0.508355
1 0.733499 0.837372 0.732036 0.875845 0.727746 0.911696 0.720921 0.942482 0.712027 0.966105 0.701670 0.980955 0.690555 0.986020 0.679440 0.980955 0.669083 0.966105 0.660189 0.942482 0.653365 0.911696 0.649074 0.875845 0.647611 0.837372 0.649074 0.798899 0.653365 0.763048 0.660189 0.732261 0.669083 0.708638 0.679440 0.693788 0.690555 0.688723 0.701670 0.693788 0.712027 0.708638 0.720921 0.732261 0.727746 0.763048 0.732036 0.798899
1 0.821872 0.258621 0.820409 0.290340 0.816119 0.319897 0.809294 0.345279 0.800400 0.364755 0.790043 0.376998 0.778928 0.381174 0.767814 0.376998 0.757456 0.364755 0.748563 0.345279 0.741738 0.319897 0.737448 0.290340 0.735985 0.258621 0.737448 0.226901 0.741738 0.197344 0.748563 0.171962 0.757456 0.152486 0.767814 0.140243 0.778928 0.136067 0.790043 0.140243 0.800400 0.152486 0.809294 0.171962 0.816119 0.197344 0.820409 0.226901
1 0.827948 0.539143 0.826485 0.570862 0.822195 0.600419 0.815370 0.625801 0.806476 0.645277 0.796119 0.657520 0.785004 0.661696 0.773889 0.657520 0.763532 0.645277 0.754638 0.625801 0.747814 0.600419 0.743523 0.570862 0.742060 0.539143 0.743523 0.507423 0.747814 0.477866 0.754638 0.452484 0.763532 0.433008 0.773889 0.420765 0.785004 0.416589 0.796119 0.420765 0.806476 0.433008 0.815370 0.452484 0.822195 0.477866 0.826485 0.507423
1 0.820492 0.829916 0.818925 0.868872 0.814331 0.905172 0.807024 0.936345 0.797501 0.960264 0.786411 0.975300 0.774510 0.980429 0.762609 0.975300 0.751519 0.960264 0.741996 0.936345 0.734688 0.905172 0.730095 0.868872 0.728528 0.829916 0.730095 0.790961 0.734688 0.754660 0.741996 0.723488 0.751519 0.699568 0.762609 0.684532 0.774510 0.679404 0.786411 0.684532 0.797501 0.699568 0.807024 0.723488 0.814331 0.754660 0.818925 0.790961
1 0.891466 0.147717 0.890003 0.179436 0.885713 0.208993 0.878888 0.234375 0.869994 0.253851 0.859637 0.266094 0.848523 0.270270 0.837408 0.266094 0.827051 0.253851 0.818157 0.234375 0.811332 0.208993 0.807042 0.179436 0.805579 0.147717 0.807042 0.115997 0.811332 0.086440 0.818157 0.061058 0.827051 0.041582 0.837408 0.029339 0.848523 0.025163 0.859637 0.029339 0.869994 0.041582 0.878888 0.061058 0.885713 0.086440 0.890003 0.115997
1 0.979564 0.281920 0.977978 0.323770 0.973329 0.362768 0.965934 0.396256 0.956297 0.421953 0.945073 0.438106 0.933030 0.443616 0.920986 0.438106 0.909762 0.421953 0.900125 0.396256 0.892730 0.362768 0.888081 0.323770 0.886495 0.281920 0.888081 0.240070 0.892730 0.201072 0.900125 0.167583 0.909762 0.141887 0.920986 0.125733 0.933030 0.120224 0.945073 0.125733 0.956297 0.141887 0.965934 0.167583 0.973329 0.201072 0.977978 0.240070
1 0.922673 0.547530 0.921088 0.585039 0.916439 0.619991 0.909044 0.650005 0.899406 0.673035 0.888183 0.687513 0.876139 0.692451 0.864095 0.687513 0.852872 0.673035 0.843235 0.650005 0.835839 0.619991 0.831191 0.585039 0.829605 0.547530 0.831191 0.510022 0.835839 0.475070 0.843235 0.445056 0.852872 0.422025 0.864095 0.407548 0.876139 0.402610 0.888183 0.407548 0.899406 0.422025 0.909044 0.445056 0.916439 0.475070 0.921088 0.510022
1 0.912731 0.817801 0.911127 0.852414 0.906423 0.884669 0.898940 0.912367 0.889188 0.933620 0.877832 0.946981 0.865645 0.951538 0.853458 0.946981 0.842102 0.933620 0.832350 0.912367 0.824867 0.884669 0.820163 0.852414 0.818558 0.817801 0.820163 0.783187 0.824867 0.750932 0.832350 0.723234 0.842102 0.701981 0.853458 0.688620 0.865645 0.684063 0.877832 0.688620 0.889188 0.701981 0.898940 0.723234 0.906423 0.750932 0.911127 0.783187
0 0.087020 0.579310 0.055730 0.546132 0.033057 0.564958 0.021099 0.601957 0.022370 0.701584 0.039160 0.742311 0.064623 0.751351 0.085280 0.675676
0 0.041204 0.777446 0.031069 0.838770 0.029743 0.892451 0.046672 0.928145 0.065424 0.948462 0.080972 0.905405 0.084756 0.865331 0.077824 0.775769
0 0.119359 0.632526 0.111903 0.535508 0.142115 0.560951 0.145153 0.618453 0.139464 0.636813 0.130213 0.641193
0 0.131787 0.721808 0.101188 0.778751 0.086937 0.858062 0.098592 0.958621 0.128003 0.981827 0.145844 0.932898 0.152361 0.885741 0.152610 0.800746
0 0.215935 0.388537 0.185336 0.396365 0.158879 0.457875 0.162469 0.614911 0.190003 0.653122 0.233582 0.624977 0.245650 0.590401 0.254681 0.483225
0 0.220519 0.694315 0.194062 0.669991 0.157829 0.812675 0.164816 0.877726 0.203839 0.940261 0.230019 0.860951 0.234300 0.766822
0 0.267661 0.793290 0.263380 0.834296 0.268379 0.914632 0.281276 0.922740 0.298481 0.900373 0.301160 0.854427 0.296134 0.806990 0.280365 0.781081
0 0.341701 0.390494 0.297984 0.337651 0.275421 0.392731 0.256145 0.548649 0.274372 0.600559 0.307429 0.672880 0.350898 0.569152
0 0.408257 0.473905 0.376774 0.493476 0.367191 0.542218 0.360370 0.607735 0.374924 0.686952 0.389589 0.713607 0.416045 0.709413 0.434493 0.651258 0.436150 0.570550
0 0.356946 0.747064 0.350594 0.806151 0.345706 0.869152 0.347832 0.914445 0.366639 0.977540 0.375090 0.978658 0.394145 0.895247 0.396189 0.830009 0.365617 0.741193
0 0.447252 0.562815 0.393952 0.679404 0.391687 0.773159 0.416542 0.965890 0.490472 0.906244 0.504391 0.724884 0.494560 0.665797
0 0.410991 0.301118 0.397956 0.365610 0.413560 0.466076 0.442171 0.532619 0.455675 0.503448 0.475918 0.385275 0.466363 0.312488 0.440376 0.276514
0 0.566529 0.209413 0.531400 0.188164 0.476719 0.332339 0.501574 0.492171 0.521210 0.528052 0.569898 0.498509
0 0.570782 0.448183 0.527120 0.437465 0.500884 0.498136 0.489616 0.653122 0.515162 0.784157 0.543855 0.815843 0.598453 0.691333 0.599144 0.561603
0 0.533858 0.758527 0.548523 0.817055 0.545319 0.853122 0.530765 0.882199 0.503535 0.850979 0.504999 0.773625 0.517923 0.730475
0 0.627589 0.291892 0.623170 0.351538 0.609279 0.421994 0.588926 0.408667 0.573875 0.366449 0.575145 0.241566 0.603065 0.219199
0 0.633112 0.472600 0.646065 0.498136 0.650677 0.616030 0.631814 0.670363 0.596548 0.641659 0.590472 0.504287 0.612179 0.458248
0 0.635405 0.815657 0.632118 0.905685 0.628418 0.929543 0.600055 0.930196 0.586661 0.876328 0.592930 0.803075 0.602845 0.763187 0.609611 0.759273
0 0.685915 0.114352 0.716101 0.153868 0.743137 0.205592 0.748771 0.349860 0.715300 0.452377 0.670699 0.442125 0.655592 0.402144 0.651698 0.347623 0.658133 0.171761
0 0.704612 0.429264 0.717564 0.433830 0.728279 0.489842 0.725269 0.578285 0.713146 0.638397 0.704861 0.646412 0.666722 0.563653 0.679591 0.478751
0 0.657001 0.830848 0.674952 0.766076 0.699144 0.795713 0.703894 0.854893 0.679647 0.932432
0 0.729384 0.294408 0.766860 0.088350 0.799972 0.088630 0.815742 0.124231 0.818476 0.298975 0.793179 0.387418 0.774151 0.390494 0.736233 0.327679
0 0.826540 0.473812 0.825076 0.583318 0.773985 0.632153 0.760895 0.431034 0.791107 0.394501
0 0.753355 0.719199 0.732256 0.822740 0.738663 0.925163 0.766584 0.975023 0.796741 0.984436 0.812621 0.907176 0.821845 0.803169 0.802845 0.741566 0.787075 0.705965
0 0.894670 0.201212 0.913035 0.127586 0.938277 0.083504 0.973957 0.178565 0.996493 0.268966 0.982822 0.381361 0.950124 0.435135 0.935708 0.449394 0.904778 0.396179 0.893400 0.343523 0.890583 0.263747
0 0.881745 0.424138 0.928445 0.473719 0.941894 0.543336 0.915797 0.700373 0.839658 0.695806 0.833195 0.563187 0.845070 0.451631
0 0.884921 0.798136 0.892930 0.858807 0.870975 0.912582 0.838553 0.896272 0.835626 0.770550 0.858934 0.730475
0 0.812372 0.142777 0.835294 0.045573 0.876388 0.065331 0.886275 0.124511 0.890666 0.183597 0.849185 0.257875 0.823944 0.245946